0.00000000 0.00000000
0.87538749 0.85819417
0.00000000 0.87538749
0.85819417 0.41955766
0.41955766 0.27727923
0.30507818 0.34610972
0.27727923 0.30507818
0.34610972 0.26274320
0.26274320 0.34682035
0.41189897 0.35124582
0.34682035 0.41189897
0.35124582 0.46498099
0.46498099 0.37019384
0.33391443 0.32205927
0.37019384 0.33391443
0.32205927 0.40875334
0.00000000 0.00000000
0.89823222 0.43939480
0.00000000 0.89823222
0.43939480 0.31634054
0.31634054 0.25698069
0.32425520 0.75069642
0.25698069 0.32425520
0.75069642 0.76560962
0.76560962 0.78533900
0.77918917 0.71291828
0.78533900 0.77918917
0.71291828 0.28478298
0.28478298 0.45247248
0.40019202 0.48218441
0.45247248 0.40019202
0.48218441 0.35256270
0.00000000 0.00000000
0.91166687 0.32621196
0.00000000 0.91166687
0.32621196 0.25348139
0.25348139 0.68215221
0.71762669 0.72136509
0.68215221 0.71762669
0.72136509 0.73922527
0.73922527 0.75649941
0.76054090 0.73245233
0.75649941 0.76054090
0.73245233 0.72408974
0.72408974 0.69924450
0.30736837 0.27107885
0.69924450 0.30736837
0.27107885 0.47601435
0.00000000 0.00000000
0.90569890 0.35346866
0.00000000 0.90569890
0.35346866 0.28749752
0.28749752 0.69965202
0.68565148 0.67366505
0.69965202 0.68565148
0.67366505 0.68164700
0.68164700 0.74034005
0.74288285 0.67251319
0.74034005 0.74288285
0.67251319 0.69291615
0.69291615 0.63229328
0.65251440 0.39211571
0.63229328 0.65251440
0.39211571 0.29672232
0.87538749 0.85819417
0.41955766 0.27727923
0.85819417 0.41955766
0.27727923 0.30507818
0.30507818 0.34610972
0.26274320 0.34682035
0.34610972 0.26274320
0.34682035 0.41189897
0.41189897 0.35124582
0.46498099 0.37019384
0.35124582 0.46498099
0.37019384 0.33391443
0.33391443 0.32205927
0.40875334 0.86801511
0.32205927 0.40875334
0.86801511 0.00000000
0.89823222 0.43939480
0.31634054 0.25698069
0.43939480 0.31634054
0.25698069 0.32425520
0.32425520 0.75069642
0.76560962 0.78533900
0.75069642 0.76560962
0.78533900 0.77918917
0.77918917 0.71291828
0.28478298 0.45247248
0.71291828 0.28478298
0.45247248 0.40019202
0.40019202 0.48218441
0.35256270 0.50434542
0.48218441 0.35256270
0.50434542 0.00000000
0.91166687 0.32621196
0.25348139 0.68215221
0.32621196 0.25348139
0.68215221 0.71762669
0.71762669 0.72136509
0.73922527 0.75649941
0.72136509 0.73922527
0.75649941 0.76054090
0.76054090 0.73245233
0.72408974 0.69924450
0.73245233 0.72408974
0.69924450 0.30736837
0.30736837 0.27107885
0.47601435 0.50278944
0.27107885 0.47601435
0.50278944 0.00000000
0.90569890 0.35346866
0.28749752 0.69965202
0.35346866 0.28749752
0.69965202 0.68565148
0.68565148 0.67366505
0.68164700 0.74034005
0.67366505 0.68164700
0.74034005 0.74288285
0.74288285 0.67251319
0.69291615 0.63229328
0.67251319 0.69291615
0.63229328 0.65251440
0.65251440 0.39211571
0.29672232 0.49806425
0.39211571 0.29672232
0.49806425 0.00000000
0.41955766 0.27727923
0.30507818 0.34610972
0.00000000 0.00000000
0.89823222 0.43939480
0.26274320 0.34682035
0.41189897 0.35124582
0.31634054 0.25698069
0.32425520 0.75069642
0.46498099 0.37019384
0.33391443 0.32205927
0.76560962 0.78533900
0.77918917 0.71291828
0.40875334 0.86801511
0.00000000 0.00000000
0.28478298 0.45247248
0.40019202 0.48218441
0.31634054 0.25698069
0.32425520 0.75069642
0.00000000 0.00000000
0.91166687 0.32621196
0.76560962 0.78533900
0.77918917 0.71291828
0.25348139 0.68215221
0.71762669 0.72136509
0.28478298 0.45247248
0.40019202 0.48218441
0.73922527 0.75649941
0.76054090 0.73245233
0.35256270 0.50434542
0.00000000 0.00000000
0.72408974 0.69924450
0.30736837 0.27107885
0.25348139 0.68215221
0.71762669 0.72136509
0.00000000 0.00000000
0.90569890 0.35346866
0.73922527 0.75649941
0.76054090 0.73245233
0.28749752 0.69965202
0.68565148 0.67366505
0.72408974 0.69924450
0.30736837 0.27107885
0.68164700 0.74034005
0.74288285 0.67251319
0.47601435 0.50278944
0.00000000 0.00000000
0.69291615 0.63229328
0.65251440 0.39211571
0.28749752 0.69965202
0.68565148 0.67366505
0.00000000 0.00000000
0.90156311 0.36962801
0.68164700 0.74034005
0.74288285 0.67251319
0.66290110 0.59600377
0.71153075 0.25062200
0.69291615 0.63229328
0.65251440 0.39211571
0.74718368 0.76174998
0.76649207 0.74958163
0.29672232 0.49806425
0.00000000 0.00000000
0.14769790 0.64915657
0.63747317 0.30310118
0.00000000 0.89823222
0.43939480 0.31634054
0.89823222 0.43939480
0.31634054 0.25698069
0.25698069 0.32425520
0.75069642 0.76560962
0.32425520 0.75069642
0.76560962 0.78533900
0.78533900 0.77918917
0.71291828 0.28478298
0.77918917 0.71291828
0.28478298 0.45247248
0.45247248 0.40019202
0.48218441 0.35256270
0.40019202 0.48218441
0.35256270 0.50434542
0.00000000 0.91166687
0.32621196 0.25348139
0.91166687 0.32621196
0.25348139 0.68215221
0.68215221 0.71762669
0.72136509 0.73922527
0.71762669 0.72136509
0.73922527 0.75649941
0.75649941 0.76054090
0.73245233 0.72408974
0.76054090 0.73245233
0.72408974 0.69924450
0.69924450 0.30736837
0.27107885 0.47601435
0.30736837 0.27107885
0.47601435 0.50278944
0.00000000 0.90569890
0.35346866 0.28749752
0.90569890 0.35346866
0.28749752 0.69965202
0.69965202 0.68565148
0.67366505 0.68164700
0.68565148 0.67366505
0.68164700 0.74034005
0.74034005 0.74288285
0.67251319 0.69291615
0.74288285 0.67251319
0.69291615 0.63229328
0.63229328 0.65251440
0.39211571 0.29672232
0.65251440 0.39211571
0.29672232 0.49806425
0.00000000 0.90156311
0.36962801 0.66290110
0.90156311 0.36962801
0.66290110 0.59600377
0.59600377 0.71153075
0.25062200 0.74718368
0.71153075 0.25062200
0.74718368 0.76174998
0.76174998 0.76649207
0.74958163 0.14769790
0.76649207 0.74958163
0.14769790 0.64915657
0.64915657 0.63747317
0.30310118 0.35342488
0.63747317 0.30310118
0.35342488 0.60279691
0.43939480 0.31634054
0.25698069 0.32425520
0.31634054 0.25698069
0.32425520 0.75069642
0.75069642 0.76560962
0.78533900 0.77918917
0.76560962 0.78533900
0.77918917 0.71291828
0.71291828 0.28478298
0.45247248 0.40019202
0.28478298 0.45247248
0.40019202 0.48218441
0.48218441 0.35256270
0.50434542 0.00000000
0.35256270 0.50434542
0.00000000 0.00000000
0.32621196 0.25348139
0.68215221 0.71762669
0.25348139 0.68215221
0.71762669 0.72136509
0.72136509 0.73922527
0.75649941 0.76054090
0.73922527 0.75649941
0.76054090 0.73245233
0.73245233 0.72408974
0.69924450 0.30736837
0.72408974 0.69924450
0.30736837 0.27107885
0.27107885 0.47601435
0.50278944 0.00000000
0.47601435 0.50278944
0.00000000 0.00000000
0.35346866 0.28749752
0.69965202 0.68565148
0.28749752 0.69965202
0.68565148 0.67366505
0.67366505 0.68164700
0.74034005 0.74288285
0.68164700 0.74034005
0.74288285 0.67251319
0.67251319 0.69291615
0.63229328 0.65251440
0.69291615 0.63229328
0.65251440 0.39211571
0.39211571 0.29672232
0.49806425 0.00000000
0.29672232 0.49806425
0.00000000 0.00000000
0.36962801 0.66290110
0.59600377 0.71153075
0.66290110 0.59600377
0.71153075 0.25062200
0.25062200 0.74718368
0.76174998 0.76649207
0.74718368 0.76174998
0.76649207 0.74958163
0.74958163 0.14769790
0.64915657 0.63747317
0.14769790 0.64915657
0.63747317 0.30310118
0.30310118 0.35342488
0.60279691 0.00000000
0.35342488 0.60279691
0.00000000 0.00000000
0.00000000 0.00000000
0.91166687 0.32621196
0.00000000 0.91166687
0.32621196 0.25348139
0.25348139 0.68215221
0.71762669 0.72136509
0.68215221 0.71762669
0.72136509 0.73922527
0.73922527 0.75649941
0.76054090 0.73245233
0.75649941 0.76054090
0.73245233 0.72408974
0.72408974 0.69924450
0.30736837 0.27107885
0.69924450 0.30736837
0.27107885 0.47601435
0.00000000 0.00000000
0.90569890 0.35346866
0.00000000 0.90569890
0.35346866 0.28749752
0.28749752 0.69965202
0.68565148 0.67366505
0.69965202 0.68565148
0.67366505 0.68164700
0.68164700 0.74034005
0.74288285 0.67251319
0.74034005 0.74288285
0.67251319 0.69291615
0.69291615 0.63229328
0.65251440 0.39211571
0.63229328 0.65251440
0.39211571 0.29672232
0.00000000 0.00000000
0.90156311 0.36962801
0.00000000 0.90156311
0.36962801 0.66290110
0.66290110 0.59600377
0.71153075 0.25062200
0.59600377 0.71153075
0.25062200 0.74718368
0.74718368 0.76174998
0.76649207 0.74958163
0.76174998 0.76649207
0.74958163 0.14769790
0.14769790 0.64915657
0.63747317 0.30310118
0.64915657 0.63747317
0.30310118 0.35342488
0.00000000 0.00000000
0.91166687 0.32584485
0.00000000 0.91166687
0.32584485 0.70693684
0.70693684 0.75694060
0.77322453 0.77296859
0.75694060 0.77322453
0.77296859 0.77427197
0.77427197 0.77359164
0.76770449 0.78334522
0.77359164 0.76770449
0.78334522 0.67583734
0.67583734 0.74342507
0.74712640 0.30209753
0.74342507 0.74712640
0.30209753 0.39412975
0.91166687 0.32621196
0.25348139 0.68215221
0.32621196 0.25348139
0.68215221 0.71762669
0.71762669 0.72136509
0.73922527 0.75649941
0.72136509 0.73922527
0.75649941 0.76054090
0.76054090 0.73245233
0.72408974 0.69924450
0.73245233 0.72408974
0.69924450 0.30736837
0.30736837 0.27107885
0.47601435 0.50278944
0.27107885 0.47601435
0.50278944 0.00000000
0.90569890 0.35346866
0.28749752 0.69965202
0.35346866 0.28749752
0.69965202 0.68565148
0.68565148 0.67366505
0.68164700 0.74034005
0.67366505 0.68164700
0.74034005 0.74288285
0.74288285 0.67251319
0.69291615 0.63229328
0.67251319 0.69291615
0.63229328 0.65251440
0.65251440 0.39211571
0.29672232 0.49806425
0.39211571 0.29672232
0.49806425 0.00000000
0.90156311 0.36962801
0.66290110 0.59600377
0.36962801 0.66290110
0.59600377 0.71153075
0.71153075 0.25062200
0.74718368 0.76174998
0.25062200 0.74718368
0.76174998 0.76649207
0.76649207 0.74958163
0.14769790 0.64915657
0.74958163 0.14769790
0.64915657 0.63747317
0.63747317 0.30310118
0.35342488 0.60279691
0.30310118 0.35342488
0.60279691 0.00000000
0.91166687 0.32584485
0.70693684 0.75694060
0.32584485 0.70693684
0.75694060 0.77322453
0.77322453 0.77296859
0.77427197 0.77359164
0.77296859 0.77427197
0.77359164 0.76770449
0.76770449 0.78334522
0.67583734 0.74342507
0.78334522 0.67583734
0.74342507 0.74712640
0.74712640 0.30209753
0.39412975 0.37401643
0.30209753 0.39412975
0.37401643 0.00000000
0.25348139 0.68215221
0.71762669 0.72136509
0.00000000 0.00000000
0.90569890 0.35346866
0.73922527 0.75649941
0.76054090 0.73245233
0.28749752 0.69965202
0.68565148 0.67366505
0.72408974 0.69924450
0.30736837 0.27107885
0.68164700 0.74034005
0.74288285 0.67251319
0.47601435 0.50278944
0.00000000 0.00000000
0.69291615 0.63229328
0.65251440 0.39211571
0.28749752 0.69965202
0.68565148 0.67366505
0.00000000 0.00000000
0.90156311 0.36962801
0.68164700 0.74034005
0.74288285 0.67251319
0.66290110 0.59600377
0.71153075 0.25062200
0.69291615 0.63229328
0.65251440 0.39211571
0.74718368 0.76174998
0.76649207 0.74958163
0.29672232 0.49806425
0.00000000 0.00000000
0.14769790 0.64915657
0.63747317 0.30310118
0.66290110 0.59600377
0.71153075 0.25062200
0.00000000 0.00000000
0.91166687 0.32584485
0.74718368 0.76174998
0.76649207 0.74958163
0.70693684 0.75694060
0.77322453 0.77296859
0.14769790 0.64915657
0.63747317 0.30310118
0.77427197 0.77359164
0.76770449 0.78334522
0.35342488 0.60279691
0.00000000 0.00000000
0.67583734 0.74342507
0.74712640 0.30209753
0.70693684 0.75694060
0.77322453 0.77296859
0.00000000 0.00000000
0.89747781 0.33675361
0.77427197 0.77359164
0.76770449 0.78334522
0.67270851 0.74773604
0.76654595 0.79342878
0.67583734 0.74342507
0.74712640 0.30209753
0.73000050 0.70558631
0.72820199 0.77012944
0.39412975 0.37401643
0.00000000 0.00000000
0.77607381 0.77239603
0.74379218 0.52471471
0.00000000 0.90569890
0.35346866 0.28749752
0.90569890 0.35346866
0.28749752 0.69965202
0.69965202 0.68565148
0.67366505 0.68164700
0.68565148 0.67366505
0.68164700 0.74034005
0.74034005 0.74288285
0.67251319 0.69291615
0.74288285 0.67251319
0.69291615 0.63229328
0.63229328 0.65251440
0.39211571 0.29672232
0.65251440 0.39211571
0.29672232 0.49806425
0.00000000 0.90156311
0.36962801 0.66290110
0.90156311 0.36962801
0.66290110 0.59600377
0.59600377 0.71153075
0.25062200 0.74718368
0.71153075 0.25062200
0.74718368 0.76174998
0.76174998 0.76649207
0.74958163 0.14769790
0.76649207 0.74958163
0.14769790 0.64915657
0.64915657 0.63747317
0.30310118 0.35342488
0.63747317 0.30310118
0.35342488 0.60279691
0.00000000 0.91166687
0.32584485 0.70693684
0.91166687 0.32584485
0.70693684 0.75694060
0.75694060 0.77322453
0.77296859 0.77427197
0.77322453 0.77296859
0.77427197 0.77359164
0.77359164 0.76770449
0.78334522 0.67583734
0.76770449 0.78334522
0.67583734 0.74342507
0.74342507 0.74712640
0.30209753 0.39412975
0.74712640 0.30209753
0.39412975 0.37401643
0.00000000 0.89747781
0.33675361 0.67270851
0.89747781 0.33675361
0.67270851 0.74773604
0.74773604 0.76654595
0.79342878 0.73000050
0.76654595 0.79342878
0.73000050 0.70558631
0.70558631 0.72820199
0.77012944 0.77607381
0.72820199 0.77012944
0.77607381 0.77239603
0.77239603 0.74379218
0.52471471 0.39821506
0.74379218 0.52471471
0.39821506 0.40967277
0.35346866 0.28749752
0.69965202 0.68565148
0.28749752 0.69965202
0.68565148 0.67366505
0.67366505 0.68164700
0.74034005 0.74288285
0.68164700 0.74034005
0.74288285 0.67251319
0.67251319 0.69291615
0.63229328 0.65251440
0.69291615 0.63229328
0.65251440 0.39211571
0.39211571 0.29672232
0.49806425 0.00000000
0.29672232 0.49806425
0.00000000 0.00000000
0.36962801 0.66290110
0.59600377 0.71153075
0.66290110 0.59600377
0.71153075 0.25062200
0.25062200 0.74718368
0.76174998 0.76649207
0.74718368 0.76174998
0.76649207 0.74958163
0.74958163 0.14769790
0.64915657 0.63747317
0.14769790 0.64915657
0.63747317 0.30310118
0.30310118 0.35342488
0.60279691 0.00000000
0.35342488 0.60279691
0.00000000 0.00000000
0.32584485 0.70693684
0.75694060 0.77322453
0.70693684 0.75694060
0.77322453 0.77296859
0.77296859 0.77427197
0.77359164 0.76770449
0.77427197 0.77359164
0.76770449 0.78334522
0.78334522 0.67583734
0.74342507 0.74712640
0.67583734 0.74342507
0.74712640 0.30209753
0.30209753 0.39412975
0.37401643 0.00000000
0.39412975 0.37401643
0.00000000 0.00000000
0.33675361 0.67270851
0.74773604 0.76654595
0.67270851 0.74773604
0.76654595 0.79342878
0.79342878 0.73000050
0.70558631 0.72820199
0.73000050 0.70558631
0.72820199 0.77012944
0.77012944 0.77607381
0.77239603 0.74379218
0.77607381 0.77239603
0.74379218 0.52471471
0.52471471 0.39821506
0.40967277 0.00000000
0.39821506 0.40967277
0.00000000 0.00000000
0.00000000 0.00000000
0.90156311 0.36962801
0.00000000 0.90156311
0.36962801 0.66290110
0.66290110 0.59600377
0.71153075 0.25062200
0.59600377 0.71153075
0.25062200 0.74718368
0.74718368 0.76174998
0.76649207 0.74958163
0.76174998 0.76649207
0.74958163 0.14769790
0.14769790 0.64915657
0.63747317 0.30310118
0.64915657 0.63747317
0.30310118 0.35342488
0.00000000 0.00000000
0.91166687 0.32584485
0.00000000 0.91166687
0.32584485 0.70693684
0.70693684 0.75694060
0.77322453 0.77296859
0.75694060 0.77322453
0.77296859 0.77427197
0.77427197 0.77359164
0.76770449 0.78334522
0.77359164 0.76770449
0.78334522 0.67583734
0.67583734 0.74342507
0.74712640 0.30209753
0.74342507 0.74712640
0.30209753 0.39412975
0.00000000 0.00000000
0.89747781 0.33675361
0.00000000 0.89747781
0.33675361 0.67270851
0.67270851 0.74773604
0.76654595 0.79342878
0.74773604 0.76654595
0.79342878 0.73000050
0.73000050 0.70558631
0.72820199 0.77012944
0.70558631 0.72820199
0.77012944 0.77607381
0.77607381 0.77239603
0.74379218 0.52471471
0.77239603 0.74379218
0.52471471 0.39821506
0.00000000 0.00000000
0.89819515 0.33691862
0.00000000 0.89819515
0.33691862 0.67499870
0.67499870 0.75364673
0.79019219 0.79685396
0.75364673 0.79019219
0.79685396 0.73496145
0.73496145 0.76892030
0.71037889 0.76939857
0.76892030 0.71037889
0.76939857 0.78385377
0.78385377 0.78457111
0.76352489 0.39634249
0.78457111 0.76352489
0.39634249 0.38595238
0.90156311 0.36962801
0.66290110 0.59600377
0.36962801 0.66290110
0.59600377 0.71153075
0.71153075 0.25062200
0.74718368 0.76174998
0.25062200 0.74718368
0.76174998 0.76649207
0.76649207 0.74958163
0.14769790 0.64915657
0.74958163 0.14769790
0.64915657 0.63747317
0.63747317 0.30310118
0.35342488 0.60279691
0.30310118 0.35342488
0.60279691 0.00000000
0.91166687 0.32584485
0.70693684 0.75694060
0.32584485 0.70693684
0.75694060 0.77322453
0.77322453 0.77296859
0.77427197 0.77359164
0.77296859 0.77427197
0.77359164 0.76770449
0.76770449 0.78334522
0.67583734 0.74342507
0.78334522 0.67583734
0.74342507 0.74712640
0.74712640 0.30209753
0.39412975 0.37401643
0.30209753 0.39412975
0.37401643 0.00000000
0.89747781 0.33675361
0.67270851 0.74773604
0.33675361 0.67270851
0.74773604 0.76654595
0.76654595 0.79342878
0.73000050 0.70558631
0.79342878 0.73000050
0.70558631 0.72820199
0.72820199 0.77012944
0.77607381 0.77239603
0.77012944 0.77607381
0.77239603 0.74379218
0.74379218 0.52471471
0.39821506 0.40967277
0.52471471 0.39821506
0.40967277 0.00000000
0.89819515 0.33691862
0.67499870 0.75364673
0.33691862 0.67499870
0.75364673 0.79019219
0.79019219 0.79685396
0.73496145 0.76892030
0.79685396 0.73496145
0.76892030 0.71037889
0.71037889 0.76939857
0.78385377 0.78457111
0.76939857 0.78385377
0.78457111 0.76352489
0.76352489 0.39634249
0.38595238 0.34797218
0.39634249 0.38595238
0.34797218 0.00000000
0.66290110 0.59600377
0.71153075 0.25062200
0.00000000 0.00000000
0.00000000 0.00000000
0.74718368 0.76174998
0.76649207 0.74958163
0.00000000 0.00000000
0.00000000 0.00000000
0.14769790 0.64915657
0.63747317 0.30310118
0.00000000 0.00000000
0.00000000 0.00000000
0.35342488 0.60279691
0.00000000 0.00000000
0.00000000 0.00000000
0.00000000 0.00000000
0.70693684 0.75694060
0.77322453 0.77296859
0.00000000 0.00000000
0.00000000 0.00000000
0.77427197 0.77359164
0.76770449 0.78334522
0.00000000 0.00000000
0.00000000 0.00000000
0.67583734 0.74342507
0.74712640 0.30209753
0.00000000 0.00000000
0.00000000 0.00000000
0.39412975 0.37401643
0.00000000 0.00000000
0.00000000 0.00000000
0.00000000 0.00000000
0.67270851 0.74773604
0.76654595 0.79342878
0.00000000 0.00000000
0.00000000 0.00000000
0.73000050 0.70558631
0.72820199 0.77012944
0.00000000 0.00000000
0.00000000 0.00000000
0.77607381 0.77239603
0.74379218 0.52471471
0.00000000 0.00000000
0.00000000 0.00000000
0.39821506 0.40967277
0.00000000 0.00000000
0.00000000 0.00000000
0.00000000 0.00000000
0.67499870 0.75364673
0.79019219 0.79685396
0.00000000 0.00000000
0.00000000 0.00000000
0.73496145 0.76892030
0.71037889 0.76939857
0.00000000 0.00000000
0.00000000 0.00000000
0.78385377 0.78457111
0.76352489 0.39634249
0.00000000 0.00000000
0.00000000 0.00000000
0.38595238 0.34797218
0.00000000 0.00000000
0.00000000 0.00000000
0.00000000 0.00000000
0.00000000 0.00000000
0.00000000 0.00000000
0.00000000 0.00000000
0.00000000 0.00000000
0.00000000 0.00000000
0.00000000 0.00000000
0.00000000 0.00000000
0.00000000 0.00000000
0.00000000 0.00000000
0.00000000 0.00000000
0.00000000 0.00000000
0.00000000 0.00000000
0.00000000 0.00000000
0.00000000 0.00000000
0.00000000 0.00000000
0.00000000 0.00000000
0.00000000 0.00000000
0.00000000 0.00000000
0.00000000 0.00000000
0.00000000 0.00000000
0.00000000 0.00000000
0.00000000 0.00000000
0.00000000 0.00000000
0.00000000 0.00000000
0.00000000 0.00000000
0.00000000 0.00000000
0.00000000 0.00000000
0.00000000 0.00000000
0.00000000 0.00000000
0.00000000 0.00000000
0.00000000 0.00000000
0.00000000 0.00000000
0.00000000 0.00000000
0.00000000 0.00000000
0.00000000 0.00000000
0.00000000 0.00000000
0.00000000 0.00000000
0.00000000 0.00000000
0.00000000 0.00000000
0.00000000 0.00000000
0.00000000 0.00000000
0.00000000 0.00000000
0.00000000 0.00000000
0.00000000 0.00000000
0.00000000 0.00000000
0.00000000 0.00000000
0.00000000 0.00000000
0.00000000 0.00000000
0.00000000 0.00000000
0.00000000 0.00000000
0.00000000 0.00000000
0.00000000 0.00000000
0.00000000 0.00000000
0.00000000 0.00000000
0.00000000 0.00000000
0.00000000 0.00000000
0.00000000 0.00000000
0.00000000 0.00000000
0.00000000 0.00000000
0.00000000 0.00000000
0.00000000 0.00000000
0.00000000 0.00000000
0.00000000 0.00000000
0.00000000 0.00000000
0.00000000 0.00000000
0.00000000 0.00000000
0.00000000 0.00000000
0.00000000 0.00000000
0.00000000 0.00000000
0.00000000 0.00000000
0.00000000 0.00000000
0.00000000 0.00000000
0.00000000 0.00000000
0.00000000 0.00000000
0.00000000 0.00000000
0.00000000 0.00000000
0.00000000 0.00000000
0.00000000 0.00000000
0.00000000 0.00000000
0.00000000 0.00000000
0.00000000 0.00000000
0.00000000 0.00000000
0.00000000 0.00000000
0.00000000 0.00000000
0.00000000 0.00000000
0.00000000 0.00000000
0.00000000 0.00000000
0.00000000 0.00000000
0.00000000 0.00000000
0.00000000 0.00000000
0.00000000 0.00000000
0.00000000 0.00000000
0.00000000 0.00000000
0.00000000 0.00000000
0.00000000 0.00000000
0.00000000 0.00000000
0.00000000 0.00000000
0.00000000 0.00000000
0.00000000 0.00000000
0.00000000 0.00000000
0.00000000 0.00000000
0.00000000 0.00000000
0.00000000 0.00000000
0.00000000 0.00000000
0.00000000 0.00000000
0.00000000 0.00000000
0.00000000 0.00000000
0.00000000 0.00000000
0.00000000 0.00000000
0.00000000 0.00000000
0.00000000 0.00000000
0.00000000 0.00000000
0.00000000 0.00000000
0.00000000 0.00000000
0.00000000 0.00000000
0.00000000 0.00000000
0.00000000 0.00000000
0.00000000 0.00000000
0.00000000 0.00000000
0.00000000 0.00000000
0.00000000 0.00000000
0.00000000 0.00000000
0.00000000 0.00000000
0.00000000 0.00000000
0.00000000 0.00000000
0.00000000 0.00000000
0.00000000 0.00000000
0.00000000 0.00000000
0.00000000 0.00000000
0.00000000 0.00000000
0.00000000 0.00000000
0.00000000 0.00000000
0.00000000 0.00000000
0.00000000 0.00000000
0.00000000 0.00000000
0.00000000 0.00000000
0.00000000 0.00000000
0.00000000 0.00000000
0.00000000 0.00000000
0.00000000 0.00000000
0.00000000 0.00000000
0.00000000 0.00000000
0.00000000 0.00000000
0.00000000 0.00000000
0.00000000 0.00000000
0.00000000 0.00000000
0.00000000 0.00000000
0.00000000 0.00000000
0.00000000 0.00000000
0.00000000 0.00000000
0.00000000 0.00000000
0.00000000 0.00000000
0.00000000 0.00000000
0.00000000 0.00000000
0.00000000 0.00000000
0.00000000 0.00000000
0.00000000 0.00000000
0.00000000 0.00000000
0.00000000 0.00000000
0.00000000 0.00000000
0.00000000 0.00000000
0.00000000 0.00000000
0.00000000 0.00000000
0.00000000 0.00000000
0.00000000 0.00000000
0.00000000 0.00000000
0.00000000 0.00000000
0.00000000 0.00000000
0.00000000 0.00000000
0.00000000 0.00000000
0.00000000 0.00000000
0.00000000 0.00000000
0.00000000 0.00000000
0.00000000 0.00000000
0.00000000 0.00000000
0.00000000 0.00000000
0.00000000 0.00000000
0.00000000 0.00000000
0.00000000 0.00000000
0.00000000 0.00000000
0.00000000 0.00000000
0.00000000 0.00000000
0.00000000 0.00000000
0.00000000 0.00000000
0.00000000 0.00000000
0.00000000 0.00000000
0.00000000 0.00000000
0.00000000 0.00000000
0.00000000 0.00000000
0.00000000 0.00000000
0.00000000 0.00000000
0.00000000 0.00000000
0.00000000 0.00000000
0.87538749 0.85819417
0.00000000 0.87538749
0.85819417 0.41955766
0.41955766 0.27727923
0.30507818 0.34610972
0.27727923 0.30507818
0.34610972 0.26274320
0.26274320 0.34682035
0.41189897 0.35124582
0.34682035 0.41189897
0.35124582 0.46498099
0.46498099 0.37019384
0.33391443 0.32205927
0.37019384 0.33391443
0.32205927 0.40875334
0.00000000 0.00000000
0.89823222 0.43939480
0.00000000 0.89823222
0.43939480 0.31634054
0.31634054 0.25698069
0.32425520 0.75069642
0.25698069 0.32425520
0.75069642 0.76560962
0.76560962 0.78533900
0.77918917 0.71291828
0.78533900 0.77918917
0.71291828 0.28478298
0.28478298 0.45247248
0.40019202 0.48218441
0.45247248 0.40019202
0.48218441 0.35256270
0.00000000 0.00000000
0.91166687 0.32621196
0.00000000 0.91166687
0.32621196 0.25348139
0.25348139 0.68215221
0.71762669 0.72136509
0.68215221 0.71762669
0.72136509 0.73922527
0.73922527 0.75649941
0.76054090 0.73245233
0.75649941 0.76054090
0.73245233 0.72408974
0.72408974 0.69924450
0.30736837 0.27107885
0.69924450 0.30736837
0.27107885 0.47601435
0.00000000 0.00000000
0.90569890 0.35346866
0.00000000 0.90569890
0.35346866 0.28749752
0.28749752 0.69965202
0.68565148 0.67366505
0.69965202 0.68565148
0.67366505 0.68164700
0.68164700 0.74034005
0.74288285 0.67251319
0.74034005 0.74288285
0.67251319 0.69291615
0.69291615 0.63229328
0.65251440 0.39211571
0.63229328 0.65251440
0.39211571 0.29672232
0.87538749 0.85819417
0.41955766 0.27727923
0.85819417 0.41955766
0.27727923 0.30507818
0.30507818 0.34610972
0.26274320 0.34682035
0.34610972 0.26274320
0.34682035 0.41189897
0.41189897 0.35124582
0.46498099 0.37019384
0.35124582 0.46498099
0.37019384 0.33391443
0.33391443 0.32205927
0.40875334 0.86801511
0.32205927 0.40875334
0.86801511 0.00000000
0.89823222 0.43939480
0.31634054 0.25698069
0.43939480 0.31634054
0.25698069 0.32425520
0.32425520 0.75069642
0.76560962 0.78533900
0.75069642 0.76560962
0.78533900 0.77918917
0.77918917 0.71291828
0.28478298 0.45247248
0.71291828 0.28478298
0.45247248 0.40019202
0.40019202 0.48218441
0.35256270 0.50434542
0.48218441 0.35256270
0.50434542 0.00000000
0.91166687 0.32621196
0.25348139 0.68215221
0.32621196 0.25348139
0.68215221 0.71762669
0.71762669 0.72136509
0.73922527 0.75649941
0.72136509 0.73922527
0.75649941 0.76054090
0.76054090 0.73245233
0.72408974 0.69924450
0.73245233 0.72408974
0.69924450 0.30736837
0.30736837 0.27107885
0.47601435 0.50278944
0.27107885 0.47601435
0.50278944 0.00000000
0.90569890 0.35346866
0.28749752 0.69965202
0.35346866 0.28749752
0.69965202 0.68565148
0.68565148 0.67366505
0.68164700 0.74034005
0.67366505 0.68164700
0.74034005 0.74288285
0.74288285 0.67251319
0.69291615 0.63229328
0.67251319 0.69291615
0.63229328 0.65251440
0.65251440 0.39211571
0.29672232 0.49806425
0.39211571 0.29672232
0.49806425 0.00000000
0.41955766 0.27727923
0.30507818 0.34610972
0.00000000 0.00000000
0.89823222 0.43939480
0.26274320 0.34682035
0.41189897 0.35124582
0.31634054 0.25698069
0.32425520 0.75069642
0.46498099 0.37019384
0.33391443 0.32205927
0.76560962 0.78533900
0.77918917 0.71291828
0.40875334 0.86801511
0.00000000 0.00000000
0.28478298 0.45247248
0.40019202 0.48218441
0.31634054 0.25698069
0.32425520 0.75069642
0.00000000 0.00000000
0.91166687 0.32621196
0.76560962 0.78533900
0.77918917 0.71291828
0.25348139 0.68215221
0.71762669 0.72136509
0.28478298 0.45247248
0.40019202 0.48218441
0.73922527 0.75649941
0.76054090 0.73245233
0.35256270 0.50434542
0.00000000 0.00000000
0.72408974 0.69924450
0.30736837 0.27107885
0.25348139 0.68215221
0.71762669 0.72136509
0.00000000 0.00000000
0.90569890 0.35346866
0.73922527 0.75649941
0.76054090 0.73245233
0.28749752 0.69965202
0.68565148 0.67366505
0.72408974 0.69924450
0.30736837 0.27107885
0.68164700 0.74034005
0.74288285 0.67251319
0.47601435 0.50278944
0.00000000 0.00000000
0.69291615 0.63229328
0.65251440 0.39211571
0.28749752 0.69965202
0.68565148 0.67366505
0.00000000 0.00000000
0.90156311 0.36962801
0.68164700 0.74034005
0.74288285 0.67251319
0.66290110 0.59600377
0.71153075 0.25062200
0.69291615 0.63229328
0.65251440 0.39211571
0.74718368 0.76174998
0.76649207 0.74958163
0.29672232 0.49806425
0.00000000 0.00000000
0.14769790 0.64915657
0.63747317 0.30310118
0.00000000 0.89823222
0.43939480 0.31634054
0.89823222 0.43939480
0.31634054 0.25698069
0.25698069 0.32425520
0.75069642 0.76560962
0.32425520 0.75069642
0.76560962 0.78533900
0.78533900 0.77918917
0.71291828 0.28478298
0.77918917 0.71291828
0.28478298 0.45247248
0.45247248 0.40019202
0.48218441 0.35256270
0.40019202 0.48218441
0.35256270 0.50434542
0.00000000 0.91166687
0.32621196 0.25348139
0.91166687 0.32621196
0.25348139 0.68215221
0.68215221 0.71762669
0.72136509 0.73922527
0.71762669 0.72136509
0.73922527 0.75649941
0.75649941 0.76054090
0.73245233 0.72408974
0.76054090 0.73245233
0.72408974 0.69924450
0.69924450 0.30736837
0.27107885 0.47601435
0.30736837 0.27107885
0.47601435 0.50278944
0.00000000 0.90569890
0.35346866 0.28749752
0.90569890 0.35346866
0.28749752 0.69965202
0.69965202 0.68565148
0.67366505 0.68164700
0.68565148 0.67366505
0.68164700 0.74034005
0.74034005 0.74288285
0.67251319 0.69291615
0.74288285 0.67251319
0.69291615 0.63229328
0.63229328 0.65251440
0.39211571 0.29672232
0.65251440 0.39211571
0.29672232 0.49806425
0.00000000 0.90156311
0.36962801 0.66290110
0.90156311 0.36962801
0.66290110 0.59600377
0.59600377 0.71153075
0.25062200 0.74718368
0.71153075 0.25062200
0.74718368 0.76174998
0.76174998 0.76649207
0.74958163 0.14769790
0.76649207 0.74958163
0.14769790 0.64915657
0.64915657 0.63747317
0.30310118 0.35342488
0.63747317 0.30310118
0.35342488 0.60279691
0.43939480 0.31634054
0.25698069 0.32425520
0.31634054 0.25698069
0.32425520 0.75069642
0.75069642 0.76560962
0.78533900 0.77918917
0.76560962 0.78533900
0.77918917 0.71291828
0.71291828 0.28478298
0.45247248 0.40019202
0.28478298 0.45247248
0.40019202 0.48218441
0.48218441 0.35256270
0.50434542 0.00000000
0.35256270 0.50434542
0.00000000 0.00000000
0.32621196 0.25348139
0.68215221 0.71762669
0.25348139 0.68215221
0.71762669 0.72136509
0.72136509 0.73922527
0.75649941 0.76054090
0.73922527 0.75649941
0.76054090 0.73245233
0.73245233 0.72408974
0.69924450 0.30736837
0.72408974 0.69924450
0.30736837 0.27107885
0.27107885 0.47601435
0.50278944 0.00000000
0.47601435 0.50278944
0.00000000 0.00000000
0.35346866 0.28749752
0.69965202 0.68565148
0.28749752 0.69965202
0.68565148 0.67366505
0.67366505 0.68164700
0.74034005 0.74288285
0.68164700 0.74034005
0.74288285 0.67251319
0.67251319 0.69291615
0.63229328 0.65251440
0.69291615 0.63229328
0.65251440 0.39211571
0.39211571 0.29672232
0.49806425 0.00000000
0.29672232 0.49806425
0.00000000 0.00000000
0.36962801 0.66290110
0.59600377 0.71153075
0.66290110 0.59600377
0.71153075 0.25062200
0.25062200 0.74718368
0.76174998 0.76649207
0.74718368 0.76174998
0.76649207 0.74958163
0.74958163 0.14769790
0.64915657 0.63747317
0.14769790 0.64915657
0.63747317 0.30310118
0.30310118 0.35342488
0.60279691 0.00000000
0.35342488 0.60279691
0.00000000 0.00000000
0.00000000 0.00000000
0.91166687 0.32621196
0.00000000 0.91166687
0.32621196 0.25348139
0.25348139 0.68215221
0.71762669 0.72136509
0.68215221 0.71762669
0.72136509 0.73922527
0.73922527 0.75649941
0.76054090 0.73245233
0.75649941 0.76054090
0.73245233 0.72408974
0.72408974 0.69924450
0.30736837 0.27107885
0.69924450 0.30736837
0.27107885 0.47601435
0.00000000 0.00000000
0.90569890 0.35346866
0.00000000 0.90569890
0.35346866 0.28749752
0.28749752 0.69965202
0.68565148 0.67366505
0.69965202 0.68565148
0.67366505 0.68164700
0.68164700 0.74034005
0.74288285 0.67251319
0.74034005 0.74288285
0.67251319 0.69291615
0.69291615 0.63229328
0.65251440 0.39211571
0.63229328 0.65251440
0.39211571 0.29672232
0.00000000 0.00000000
0.90156311 0.36962801
0.00000000 0.90156311
0.36962801 0.66290110
0.66290110 0.59600377
0.71153075 0.25062200
0.59600377 0.71153075
0.25062200 0.74718368
0.74718368 0.76174998
0.76649207 0.74958163
0.76174998 0.76649207
0.74958163 0.14769790
0.14769790 0.64915657
0.63747317 0.30310118
0.64915657 0.63747317
0.30310118 0.35342488
0.00000000 0.00000000
0.91166687 0.32584485
0.00000000 0.91166687
0.32584485 0.70693684
0.70693684 0.75694060
0.77322453 0.77296859
0.75694060 0.77322453
0.77296859 0.77427197
0.77427197 0.77359164
0.76770449 0.78334522
0.77359164 0.76770449
0.78334522 0.67583734
0.67583734 0.74342507
0.74712640 0.30209753
0.74342507 0.74712640
0.30209753 0.39412975
0.91166687 0.32621196
0.25348139 0.68215221
0.32621196 0.25348139
0.68215221 0.71762669
0.71762669 0.72136509
0.73922527 0.75649941
0.72136509 0.73922527
0.75649941 0.76054090
0.76054090 0.73245233
0.72408974 0.69924450
0.73245233 0.72408974
0.69924450 0.30736837
0.30736837 0.27107885
0.47601435 0.50278944
0.27107885 0.47601435
0.50278944 0.00000000
0.90569890 0.35346866
0.28749752 0.69965202
0.35346866 0.28749752
0.69965202 0.68565148
0.68565148 0.67366505
0.68164700 0.74034005
0.67366505 0.68164700
0.74034005 0.74288285
0.74288285 0.67251319
0.69291615 0.63229328
0.67251319 0.69291615
0.63229328 0.65251440
0.65251440 0.39211571
0.29672232 0.49806425
0.39211571 0.29672232
0.49806425 0.00000000
0.90156311 0.36962801
0.66290110 0.59600377
0.36962801 0.66290110
0.59600377 0.71153075
0.71153075 0.25062200
0.74718368 0.76174998
0.25062200 0.74718368
0.76174998 0.76649207
0.76649207 0.74958163
0.14769790 0.64915657
0.74958163 0.14769790
0.64915657 0.63747317
0.63747317 0.30310118
0.35342488 0.60279691
0.30310118 0.35342488
0.60279691 0.00000000
0.91166687 0.32584485
0.70693684 0.75694060
0.32584485 0.70693684
0.75694060 0.77322453
0.77322453 0.77296859
0.77427197 0.77359164
0.77296859 0.77427197
0.77359164 0.76770449
0.76770449 0.78334522
0.67583734 0.74342507
0.78334522 0.67583734
0.74342507 0.74712640
0.74712640 0.30209753
0.39412975 0.37401643
0.30209753 0.39412975
0.37401643 0.00000000
0.25348139 0.68215221
0.71762669 0.72136509
0.00000000 0.00000000
0.90569890 0.35346866
0.73922527 0.75649941
0.76054090 0.73245233
0.28749752 0.69965202
0.68565148 0.67366505
0.72408974 0.69924450
0.30736837 0.27107885
0.68164700 0.74034005
0.74288285 0.67251319
0.47601435 0.50278944
0.00000000 0.00000000
0.69291615 0.63229328
0.65251440 0.39211571
0.28749752 0.69965202
0.68565148 0.67366505
0.00000000 0.00000000
0.90156311 0.36962801
0.68164700 0.74034005
0.74288285 0.67251319
0.66290110 0.59600377
0.71153075 0.25062200
0.69291615 0.63229328
0.65251440 0.39211571
0.74718368 0.76174998
0.76649207 0.74958163
0.29672232 0.49806425
0.00000000 0.00000000
0.14769790 0.64915657
0.63747317 0.30310118
0.66290110 0.59600377
0.71153075 0.25062200
0.00000000 0.00000000
0.91166687 0.32584485
0.74718368 0.76174998
0.76649207 0.74958163
0.70693684 0.75694060
0.77322453 0.77296859
0.14769790 0.64915657
0.63747317 0.30310118
0.77427197 0.77359164
0.76770449 0.78334522
0.35342488 0.60279691
0.00000000 0.00000000
0.67583734 0.74342507
0.74712640 0.30209753
0.70693684 0.75694060
0.77322453 0.77296859
0.00000000 0.00000000
0.89747781 0.33675361
0.77427197 0.77359164
0.76770449 0.78334522
0.67270851 0.74773604
0.76654595 0.79342878
0.67583734 0.74342507
0.74712640 0.30209753
0.73000050 0.70558631
0.72820199 0.77012944
0.39412975 0.37401643
0.00000000 0.00000000
0.77607381 0.77239603
0.74379218 0.52471471
0.00000000 0.90569890
0.35346866 0.28749752
0.90569890 0.35346866
0.28749752 0.69965202
0.69965202 0.68565148
0.67366505 0.68164700
0.68565148 0.67366505
0.68164700 0.74034005
0.74034005 0.74288285
0.67251319 0.69291615
0.74288285 0.67251319
0.69291615 0.63229328
0.63229328 0.65251440
0.39211571 0.29672232
0.65251440 0.39211571
0.29672232 0.49806425
0.00000000 0.90156311
0.36962801 0.66290110
0.90156311 0.36962801
0.66290110 0.59600377
0.59600377 0.71153075
0.25062200 0.74718368
0.71153075 0.25062200
0.74718368 0.76174998
0.76174998 0.76649207
0.74958163 0.14769790
0.76649207 0.74958163
0.14769790 0.64915657
0.64915657 0.63747317
0.30310118 0.35342488
0.63747317 0.30310118
0.35342488 0.60279691
0.00000000 0.91166687
0.32584485 0.70693684
0.91166687 0.32584485
0.70693684 0.75694060
0.75694060 0.77322453
0.77296859 0.77427197
0.77322453 0.77296859
0.77427197 0.77359164
0.77359164 0.76770449
0.78334522 0.67583734
0.76770449 0.78334522
0.67583734 0.74342507
0.74342507 0.74712640
0.30209753 0.39412975
0.74712640 0.30209753
0.39412975 0.37401643
0.00000000 0.89747781
0.33675361 0.67270851
0.89747781 0.33675361
0.67270851 0.74773604
0.74773604 0.76654595
0.79342878 0.73000050
0.76654595 0.79342878
0.73000050 0.70558631
0.70558631 0.72820199
0.77012944 0.77607381
0.72820199 0.77012944
0.77607381 0.77239603
0.77239603 0.74379218
0.52471471 0.39821506
0.74379218 0.52471471
0.39821506 0.40967277
0.35346866 0.28749752
0.69965202 0.68565148
0.28749752 0.69965202
0.68565148 0.67366505
0.67366505 0.68164700
0.74034005 0.74288285
0.68164700 0.74034005
0.74288285 0.67251319
0.67251319 0.69291615
0.63229328 0.65251440
0.69291615 0.63229328
0.65251440 0.39211571
0.39211571 0.29672232
0.49806425 0.00000000
0.29672232 0.49806425
0.00000000 0.00000000
0.36962801 0.66290110
0.59600377 0.71153075
0.66290110 0.59600377
0.71153075 0.25062200
0.25062200 0.74718368
0.76174998 0.76649207
0.74718368 0.76174998
0.76649207 0.74958163
0.74958163 0.14769790
0.64915657 0.63747317
0.14769790 0.64915657
0.63747317 0.30310118
0.30310118 0.35342488
0.60279691 0.00000000
0.35342488 0.60279691
0.00000000 0.00000000
0.32584485 0.70693684
0.75694060 0.77322453
0.70693684 0.75694060
0.77322453 0.77296859
0.77296859 0.77427197
0.77359164 0.76770449
0.77427197 0.77359164
0.76770449 0.78334522
0.78334522 0.67583734
0.74342507 0.74712640
0.67583734 0.74342507
0.74712640 0.30209753
0.30209753 0.39412975
0.37401643 0.00000000
0.39412975 0.37401643
0.00000000 0.00000000
0.33675361 0.67270851
0.74773604 0.76654595
0.67270851 0.74773604
0.76654595 0.79342878
0.79342878 0.73000050
0.70558631 0.72820199
0.73000050 0.70558631
0.72820199 0.77012944
0.77012944 0.77607381
0.77239603 0.74379218
0.77607381 0.77239603
0.74379218 0.52471471
0.52471471 0.39821506
0.40967277 0.00000000
0.39821506 0.40967277
0.00000000 0.00000000
0.00000000 0.00000000
0.90156311 0.36962801
0.00000000 0.90156311
0.36962801 0.66290110
0.66290110 0.59600377
0.71153075 0.25062200
0.59600377 0.71153075
0.25062200 0.74718368
0.74718368 0.76174998
0.76649207 0.74958163
0.76174998 0.76649207
0.74958163 0.14769790
0.14769790 0.64915657
0.63747317 0.30310118
0.64915657 0.63747317
0.30310118 0.35342488
0.00000000 0.00000000
0.91166687 0.32584485
0.00000000 0.91166687
0.32584485 0.70693684
0.70693684 0.75694060
0.77322453 0.77296859
0.75694060 0.77322453
0.77296859 0.77427197
0.77427197 0.77359164
0.76770449 0.78334522
0.77359164 0.76770449
0.78334522 0.67583734
0.67583734 0.74342507
0.74712640 0.30209753
0.74342507 0.74712640
0.30209753 0.39412975
0.00000000 0.00000000
0.89747781 0.33675361
0.00000000 0.89747781
0.33675361 0.67270851
0.67270851 0.74773604
0.76654595 0.79342878
0.74773604 0.76654595
0.79342878 0.73000050
0.73000050 0.70558631
0.72820199 0.77012944
0.70558631 0.72820199
0.77012944 0.77607381
0.77607381 0.77239603
0.74379218 0.52471471
0.77239603 0.74379218
0.52471471 0.39821506
0.00000000 0.00000000
0.89819515 0.33691862
0.00000000 0.89819515
0.33691862 0.67499870
0.67499870 0.75364673
0.79019219 0.79685396
0.75364673 0.79019219
0.79685396 0.73496145
0.73496145 0.76892030
0.71037889 0.76939857
0.76892030 0.71037889
0.76939857 0.78385377
0.78385377 0.78457111
0.76352489 0.39634249
0.78457111 0.76352489
0.39634249 0.38595238
0.90156311 0.36962801
0.66290110 0.59600377
0.36962801 0.66290110
0.59600377 0.71153075
0.71153075 0.25062200
0.74718368 0.76174998
0.25062200 0.74718368
0.76174998 0.76649207
0.76649207 0.74958163
0.14769790 0.64915657
0.74958163 0.14769790
0.64915657 0.63747317
0.63747317 0.30310118
0.35342488 0.60279691
0.30310118 0.35342488
0.60279691 0.00000000
0.91166687 0.32584485
0.70693684 0.75694060
0.32584485 0.70693684
0.75694060 0.77322453
0.77322453 0.77296859
0.77427197 0.77359164
0.77296859 0.77427197
0.77359164 0.76770449
0.76770449 0.78334522
0.67583734 0.74342507
0.78334522 0.67583734
0.74342507 0.74712640
0.74712640 0.30209753
0.39412975 0.37401643
0.30209753 0.39412975
0.37401643 0.00000000
0.89747781 0.33675361
0.67270851 0.74773604
0.33675361 0.67270851
0.74773604 0.76654595
0.76654595 0.79342878
0.73000050 0.70558631
0.79342878 0.73000050
0.70558631 0.72820199
0.72820199 0.77012944
0.77607381 0.77239603
0.77012944 0.77607381
0.77239603 0.74379218
0.74379218 0.52471471
0.39821506 0.40967277
0.52471471 0.39821506
0.40967277 0.00000000
0.89819515 0.33691862
0.67499870 0.75364673
0.33691862 0.67499870
0.75364673 0.79019219
0.79019219 0.79685396
0.73496145 0.76892030
0.79685396 0.73496145
0.76892030 0.71037889
0.71037889 0.76939857
0.78385377 0.78457111
0.76939857 0.78385377
0.78457111 0.76352489
0.76352489 0.39634249
0.38595238 0.34797218
0.39634249 0.38595238
0.34797218 0.00000000
0.66290110 0.59600377
0.71153075 0.25062200
0.00000000 0.00000000
0.00000000 0.00000000
0.74718368 0.76174998
0.76649207 0.74958163
0.00000000 0.00000000
0.00000000 0.00000000
0.14769790 0.64915657
0.63747317 0.30310118
0.00000000 0.00000000
0.00000000 0.00000000
0.35342488 0.60279691
0.00000000 0.00000000
0.00000000 0.00000000
0.00000000 0.00000000
0.70693684 0.75694060
0.77322453 0.77296859
0.00000000 0.00000000
0.00000000 0.00000000
0.77427197 0.77359164
0.76770449 0.78334522
0.00000000 0.00000000
0.00000000 0.00000000
0.67583734 0.74342507
0.74712640 0.30209753
0.00000000 0.00000000
0.00000000 0.00000000
0.39412975 0.37401643
0.00000000 0.00000000
0.00000000 0.00000000
0.00000000 0.00000000
0.67270851 0.74773604
0.76654595 0.79342878
0.00000000 0.00000000
0.00000000 0.00000000
0.73000050 0.70558631
0.72820199 0.77012944
0.00000000 0.00000000
0.00000000 0.00000000
0.77607381 0.77239603
0.74379218 0.52471471
0.00000000 0.00000000
0.00000000 0.00000000
0.39821506 0.40967277
0.00000000 0.00000000
0.00000000 0.00000000
0.00000000 0.00000000
0.67499870 0.75364673
0.79019219 0.79685396
0.00000000 0.00000000
0.00000000 0.00000000
0.73496145 0.76892030
0.71037889 0.76939857
0.00000000 0.00000000
0.00000000 0.00000000
0.78385377 0.78457111
0.76352489 0.39634249
0.00000000 0.00000000
0.00000000 0.00000000
0.38595238 0.34797218
0.00000000 0.00000000
0.00000000 0.00000000
0.00000000 0.00000000
0.00000000 0.00000000
0.00000000 0.00000000
0.00000000 0.00000000
0.00000000 0.00000000
0.00000000 0.00000000
0.00000000 0.00000000
0.00000000 0.00000000
0.00000000 0.00000000
0.00000000 0.00000000
0.00000000 0.00000000
0.00000000 0.00000000
0.00000000 0.00000000
0.00000000 0.00000000
0.00000000 0.00000000
0.00000000 0.00000000
0.00000000 0.00000000
0.00000000 0.00000000
0.00000000 0.00000000
0.00000000 0.00000000
0.00000000 0.00000000
0.00000000 0.00000000
0.00000000 0.00000000
0.00000000 0.00000000
0.00000000 0.00000000
0.00000000 0.00000000
0.00000000 0.00000000
0.00000000 0.00000000
0.00000000 0.00000000
0.00000000 0.00000000
0.00000000 0.00000000
0.00000000 0.00000000
0.00000000 0.00000000
0.00000000 0.00000000
0.00000000 0.00000000
0.00000000 0.00000000
0.00000000 0.00000000
0.00000000 0.00000000
0.00000000 0.00000000
0.00000000 0.00000000
0.00000000 0.00000000
0.00000000 0.00000000
0.00000000 0.00000000
0.00000000 0.00000000
0.00000000 0.00000000
0.00000000 0.00000000
0.00000000 0.00000000
0.00000000 0.00000000
0.00000000 0.00000000
0.00000000 0.00000000
0.00000000 0.00000000
0.00000000 0.00000000
0.00000000 0.00000000
0.00000000 0.00000000
0.00000000 0.00000000
0.00000000 0.00000000
0.00000000 0.00000000
0.00000000 0.00000000
0.00000000 0.00000000
0.00000000 0.00000000
0.00000000 0.00000000
0.00000000 0.00000000
0.00000000 0.00000000
0.00000000 0.00000000
0.00000000 0.00000000
0.00000000 0.00000000
0.00000000 0.00000000
0.00000000 0.00000000
0.00000000 0.00000000
0.00000000 0.00000000
0.00000000 0.00000000
0.00000000 0.00000000
0.00000000 0.00000000
0.00000000 0.00000000
0.00000000 0.00000000
0.00000000 0.00000000
0.00000000 0.00000000
0.00000000 0.00000000
0.00000000 0.00000000
0.00000000 0.00000000
0.00000000 0.00000000
0.00000000 0.00000000
0.00000000 0.00000000
0.00000000 0.00000000
0.00000000 0.00000000
0.00000000 0.00000000
0.00000000 0.00000000
0.00000000 0.00000000
0.00000000 0.00000000
0.00000000 0.00000000
0.00000000 0.00000000
0.00000000 0.00000000
0.00000000 0.00000000
0.00000000 0.00000000
0.00000000 0.00000000
0.00000000 0.00000000
0.00000000 0.00000000
0.00000000 0.00000000
0.00000000 0.00000000
0.00000000 0.00000000
0.00000000 0.00000000
0.00000000 0.00000000
0.00000000 0.00000000
0.00000000 0.00000000
0.00000000 0.00000000
0.00000000 0.00000000
0.00000000 0.00000000
0.00000000 0.00000000
0.00000000 0.00000000
0.00000000 0.00000000
0.00000000 0.00000000
0.00000000 0.00000000
0.00000000 0.00000000
0.00000000 0.00000000
0.00000000 0.00000000
0.00000000 0.00000000
0.00000000 0.00000000
0.00000000 0.00000000
0.00000000 0.00000000
0.00000000 0.00000000
0.00000000 0.00000000
0.00000000 0.00000000
0.00000000 0.00000000
0.00000000 0.00000000
0.00000000 0.00000000
0.00000000 0.00000000
0.00000000 0.00000000
0.00000000 0.00000000
0.00000000 0.00000000
0.00000000 0.00000000
0.00000000 0.00000000
0.00000000 0.00000000
0.00000000 0.00000000
0.00000000 0.00000000
0.00000000 0.00000000
0.00000000 0.00000000
0.00000000 0.00000000
0.00000000 0.00000000
0.00000000 0.00000000
0.00000000 0.00000000
0.00000000 0.00000000
0.00000000 0.00000000
0.00000000 0.00000000
0.00000000 0.00000000
0.00000000 0.00000000
0.00000000 0.00000000
0.00000000 0.00000000
0.00000000 0.00000000
0.00000000 0.00000000
0.00000000 0.00000000
0.00000000 0.00000000
0.00000000 0.00000000
0.00000000 0.00000000
0.00000000 0.00000000
0.00000000 0.00000000
0.00000000 0.00000000
0.00000000 0.00000000
0.00000000 0.00000000
0.00000000 0.00000000
0.00000000 0.00000000
0.00000000 0.00000000
0.00000000 0.00000000
0.00000000 0.00000000
0.00000000 0.00000000
0.00000000 0.00000000
0.00000000 0.00000000
0.00000000 0.00000000
0.00000000 0.00000000
0.00000000 0.00000000
0.00000000 0.00000000
0.00000000 0.00000000
0.00000000 0.00000000
0.00000000 0.00000000
0.00000000 0.00000000
0.00000000 0.00000000
0.00000000 0.00000000
0.00000000 0.00000000
0.00000000 0.00000000
0.00000000 0.00000000
0.00000000 0.00000000
0.00000000 0.00000000
0.00000000 0.00000000
0.00000000 0.00000000
0.00000000 0.00000000
0.00000000 0.00000000
0.00000000 0.00000000
0.00000000 0.00000000
0.00000000 0.00000000
0.00000000 0.00000000
0.00000000 0.00000000
0.00000000 0.00000000
0.00000000 0.00000000
0.00000000 0.00000000
