0.00000000 0.00000000
0.90156311 0.31480813
0.00000000 0.90156311
0.31480813 0.62253976
0.62253976 0.69207752
0.72430527 0.74566472
0.69207752 0.72430527
0.74566472 0.75110394
0.75110394 0.68018198
0.74606216 0.74668521
0.68018198 0.74606216
0.74668521 0.75726730
0.75726730 0.74297041
0.73700243 0.27255738
0.74297041 0.73700243
0.27255738 0.37606749
0.00000000 0.00000000
0.89819515 0.32626584
0.00000000 0.89819515
0.32626584 0.57743973
0.57743973 0.63793796
0.68913060 0.59166592
0.63793796 0.68913060
0.59166592 0.48489898
0.48489898 0.55694586
0.49633649 0.48665702
0.55694586 0.49633649
0.48665702 0.70391917
0.70391917 0.72004151
0.67609328 0.29640573
0.72004151 0.67609328
0.29640573 0.43559575
0.00000000 0.00000000
0.90569890 0.90233099
0.00000000 0.90569890
0.90233099 0.24074049
0.24074049 0.56105810
0.61026365 0.69968903
0.56105810 0.61026365
0.69968903 0.72106194
0.72106194 0.72445011
0.69681287 0.67875057
0.72445011 0.69681287
0.67875057 0.63914031
0.63914031 0.68191648
0.54591250 0.33559504
0.68191648 0.54591250
0.33559504 0.43694967
0.00000000 0.00000000
0.90156311 0.90156311
0.00000000 0.90156311
0.90156311 0.34557760
0.34557760 0.16684799
0.47244099 0.58419579
0.16684799 0.47244099
0.58419579 0.70325905
0.70325905 0.73195386
0.71958345 0.66811800
0.73195386 0.71958345
0.66811800 0.55553132
0.55553132 0.44322413
0.07229993 0.30597740
0.44322413 0.07229993
0.30597740 0.36587614
0.90156311 0.31480813
0.62253976 0.69207752
0.31480813 0.62253976
0.69207752 0.72430527
0.72430527 0.74566472
0.75110394 0.68018198
0.74566472 0.75110394
0.68018198 0.74606216
0.74606216 0.74668521
0.75726730 0.74297041
0.74668521 0.75726730
0.74297041 0.73700243
0.73700243 0.27255738
0.37606749 0.71576422
0.27255738 0.37606749
0.71576422 0.00000000
0.89819515 0.32626584
0.57743973 0.63793796
0.32626584 0.57743973
0.63793796 0.68913060
0.68913060 0.59166592
0.48489898 0.55694586
0.59166592 0.48489898
0.55694586 0.49633649
0.49633649 0.48665702
0.70391917 0.72004151
0.48665702 0.70391917
0.72004151 0.67609328
0.67609328 0.29640573
0.43559575 0.88355136
0.29640573 0.43559575
0.88355136 0.00000000
0.90569890 0.90233099
0.24074049 0.56105810
0.90233099 0.24074049
0.56105810 0.61026365
0.61026365 0.69968903
0.72106194 0.72445011
0.69968903 0.72106194
0.72445011 0.69681287
0.69681287 0.67875057
0.63914031 0.68191648
0.67875057 0.63914031
0.68191648 0.54591250
0.54591250 0.33559504
0.43694967 0.89482725
0.33559504 0.43694967
0.89482725 0.00000000
0.90156311 0.90156311
0.34557760 0.16684799
0.90156311 0.34557760
0.16684799 0.47244099
0.47244099 0.58419579
0.70325905 0.73195386
0.58419579 0.70325905
0.73195386 0.71958345
0.71958345 0.66811800
0.55553132 0.44322413
0.66811800 0.55553132
0.44322413 0.07229993
0.07229993 0.30597740
0.36587614 0.88809133
0.30597740 0.36587614
0.88809133 0.00000000
0.62253976 0.69207752
0.72430527 0.74566472
0.00000000 0.00000000
0.89819515 0.32626584
0.75110394 0.68018198
0.74606216 0.74668521
0.57743973 0.63793796
0.68913060 0.59166592
0.75726730 0.74297041
0.73700243 0.27255738
0.48489898 0.55694586
0.49633649 0.48665702
0.37606749 0.71576422
0.00000000 0.00000000
0.70391917 0.72004151
0.67609328 0.29640573
0.57743973 0.63793796
0.68913060 0.59166592
0.00000000 0.00000000
0.90569890 0.90233099
0.48489898 0.55694586
0.49633649 0.48665702
0.24074049 0.56105810
0.61026365 0.69968903
0.70391917 0.72004151
0.67609328 0.29640573
0.72106194 0.72445011
0.69681287 0.67875057
0.43559575 0.88355136
0.00000000 0.00000000
0.63914031 0.68191648
0.54591250 0.33559504
0.24074049 0.56105810
0.61026365 0.69968903
0.00000000 0.00000000
0.90156311 0.90156311
0.72106194 0.72445011
0.69681287 0.67875057
0.34557760 0.16684799
0.47244099 0.58419579
0.63914031 0.68191648
0.54591250 0.33559504
0.70325905 0.73195386
0.71958345 0.66811800
0.43694967 0.89482725
0.00000000 0.00000000
0.55553132 0.44322413
0.07229993 0.30597740
0.34557760 0.16684799
0.47244099 0.58419579
0.00000000 0.00000000
0.63287598 0.29893842
0.70325905 0.73195386
0.71958345 0.66811800
0.24617970 0.06572909
0.15141274 0.19990428
0.55553132 0.44322413
0.07229993 0.30597740
0.13305749 0.40809995
0.40230036 0.11725850
0.36587614 0.88809133
0.00000000 0.00000000
0.07920420 0.14315793
0.11260738 0.23769924
0.00000000 0.89819515
0.32626584 0.57743973
0.89819515 0.32626584
0.57743973 0.63793796
0.63793796 0.68913060
0.59166592 0.48489898
0.68913060 0.59166592
0.48489898 0.55694586
0.55694586 0.49633649
0.48665702 0.70391917
0.49633649 0.48665702
0.70391917 0.72004151
0.72004151 0.67609328
0.29640573 0.43559575
0.67609328 0.29640573
0.43559575 0.88355136
0.00000000 0.90569890
0.90233099 0.24074049
0.90569890 0.90233099
0.24074049 0.56105810
0.56105810 0.61026365
0.69968903 0.72106194
0.61026365 0.69968903
0.72106194 0.72445011
0.72445011 0.69681287
0.67875057 0.63914031
0.69681287 0.67875057
0.63914031 0.68191648
0.68191648 0.54591250
0.33559504 0.43694967
0.54591250 0.33559504
0.43694967 0.89482725
0.00000000 0.90156311
0.90156311 0.34557760
0.90156311 0.90156311
0.34557760 0.16684799
0.16684799 0.47244099
0.58419579 0.70325905
0.47244099 0.58419579
0.70325905 0.73195386
0.73195386 0.71958345
0.66811800 0.55553132
0.71958345 0.66811800
0.55553132 0.44322413
0.44322413 0.07229993
0.30597740 0.36587614
0.07229993 0.30597740
0.36587614 0.88809133
0.00000000 0.63287598
0.29893842 0.24617970
0.63287598 0.29893842
0.24617970 0.06572909
0.06572909 0.15141274
0.19990428 0.13305749
0.15141274 0.19990428
0.13305749 0.40809995
0.40809995 0.40230036
0.11725850 0.07920420
0.40230036 0.11725850
0.07920420 0.14315793
0.14315793 0.11260738
0.23769924 0.26292509
0.11260738 0.23769924
0.26292509 0.76568037
0.32626584 0.57743973
0.63793796 0.68913060
0.57743973 0.63793796
0.68913060 0.59166592
0.59166592 0.48489898
0.55694586 0.49633649
0.48489898 0.55694586
0.49633649 0.48665702
0.48665702 0.70391917
0.72004151 0.67609328
0.70391917 0.72004151
0.67609328 0.29640573
0.29640573 0.43559575
0.88355136 0.00000000
0.43559575 0.88355136
0.00000000 0.00000000
0.90233099 0.24074049
0.56105810 0.61026365
0.24074049 0.56105810
0.61026365 0.69968903
0.69968903 0.72106194
0.72445011 0.69681287
0.72106194 0.72445011
0.69681287 0.67875057
0.67875057 0.63914031
0.68191648 0.54591250
0.63914031 0.68191648
0.54591250 0.33559504
0.33559504 0.43694967
0.89482725 0.00000000
0.43694967 0.89482725
0.00000000 0.00000000
0.90156311 0.34557760
0.16684799 0.47244099
0.34557760 0.16684799
0.47244099 0.58419579
0.58419579 0.70325905
0.73195386 0.71958345
0.70325905 0.73195386
0.71958345 0.66811800
0.66811800 0.55553132
0.44322413 0.07229993
0.55553132 0.44322413
0.07229993 0.30597740
0.30597740 0.36587614
0.88809133 0.00000000
0.36587614 0.88809133
0.00000000 0.00000000
0.29893842 0.24617970
0.06572909 0.15141274
0.24617970 0.06572909
0.15141274 0.19990428
0.19990428 0.13305749
0.40809995 0.40230036
0.13305749 0.40809995
0.40230036 0.11725850
0.11725850 0.07920420
0.14315793 0.11260738
0.07920420 0.14315793
0.11260738 0.23769924
0.23769924 0.26292509
0.76568037 0.00000000
0.26292509 0.76568037
0.00000000 0.00000000
0.00000000 0.00000000
0.90569890 0.90233099
0.00000000 0.90569890
0.90233099 0.24074049
0.24074049 0.56105810
0.61026365 0.69968903
0.56105810 0.61026365
0.69968903 0.72106194
0.72106194 0.72445011
0.69681287 0.67875057
0.72445011 0.69681287
0.67875057 0.63914031
0.63914031 0.68191648
0.54591250 0.33559504
0.68191648 0.54591250
0.33559504 0.43694967
0.00000000 0.00000000
0.90156311 0.90156311
0.00000000 0.90156311
0.90156311 0.34557760
0.34557760 0.16684799
0.47244099 0.58419579
0.16684799 0.47244099
0.58419579 0.70325905
0.70325905 0.73195386
0.71958345 0.66811800
0.73195386 0.71958345
0.66811800 0.55553132
0.55553132 0.44322413
0.07229993 0.30597740
0.44322413 0.07229993
0.30597740 0.36587614
0.00000000 0.00000000
0.63287598 0.29893842
0.00000000 0.63287598
0.29893842 0.24617970
0.24617970 0.06572909
0.15141274 0.19990428
0.06572909 0.15141274
0.19990428 0.13305749
0.13305749 0.40809995
0.40230036 0.11725850
0.40809995 0.40230036
0.11725850 0.07920420
0.07920420 0.14315793
0.11260738 0.23769924
0.14315793 0.11260738
0.23769924 0.26292509
0.00000000 0.00000000
0.30581576 0.27845463
0.00000000 0.30581576
0.27845463 0.33827591
0.33827591 0.06669906
0.17081541 0.15992351
0.06669906 0.17081541
0.15992351 0.07010404
0.07010404 0.09468660
0.06475912 0.11934325
0.09468660 0.06475912
0.11934325 0.13821717
0.13821717 0.11934325
0.10246653 0.18745302
0.11934325 0.10246653
0.18745302 0.25073653
0.90569890 0.90233099
0.24074049 0.56105810
0.90233099 0.24074049
0.56105810 0.61026365
0.61026365 0.69968903
0.72106194 0.72445011
0.69968903 0.72106194
0.72445011 0.69681287
0.69681287 0.67875057
0.63914031 0.68191648
0.67875057 0.63914031
0.68191648 0.54591250
0.54591250 0.33559504
0.43694967 0.89482725
0.33559504 0.43694967
0.89482725 0.00000000
0.90156311 0.90156311
0.34557760 0.16684799
0.90156311 0.34557760
0.16684799 0.47244099
0.47244099 0.58419579
0.70325905 0.73195386
0.58419579 0.70325905
0.73195386 0.71958345
0.71958345 0.66811800
0.55553132 0.44322413
0.66811800 0.55553132
0.44322413 0.07229993
0.07229993 0.30597740
0.36587614 0.88809133
0.30597740 0.36587614
0.88809133 0.00000000
0.63287598 0.29893842
0.24617970 0.06572909
0.29893842 0.24617970
0.06572909 0.15141274
0.15141274 0.19990428
0.13305749 0.40809995
0.19990428 0.13305749
0.40809995 0.40230036
0.40230036 0.11725850
0.07920420 0.14315793
0.11725850 0.07920420
0.14315793 0.11260738
0.11260738 0.23769924
0.26292509 0.76568037
0.23769924 0.26292509
0.76568037 0.00000000
0.30581576 0.27845463
0.33827591 0.06669906
0.27845463 0.33827591
0.06669906 0.17081541
0.17081541 0.15992351
0.07010404 0.09468660
0.15992351 0.07010404
0.09468660 0.06475912
0.06475912 0.11934325
0.13821717 0.11934325
0.11934325 0.13821717
0.11934325 0.10246653
0.10246653 0.18745302
0.25073653 0.38383061
0.18745302 0.25073653
0.38383061 0.00000000
0.24074049 0.56105810
0.61026365 0.69968903
0.00000000 0.00000000
0.90156311 0.90156311
0.72106194 0.72445011
0.69681287 0.67875057
0.34557760 0.16684799
0.47244099 0.58419579
0.63914031 0.68191648
0.54591250 0.33559504
0.70325905 0.73195386
0.71958345 0.66811800
0.43694967 0.89482725
0.00000000 0.00000000
0.55553132 0.44322413
0.07229993 0.30597740
0.34557760 0.16684799
0.47244099 0.58419579
0.00000000 0.00000000
0.63287598 0.29893842
0.70325905 0.73195386
0.71958345 0.66811800
0.24617970 0.06572909
0.15141274 0.19990428
0.55553132 0.44322413
0.07229993 0.30597740
0.13305749 0.40809995
0.40230036 0.11725850
0.36587614 0.88809133
0.00000000 0.00000000
0.07920420 0.14315793
0.11260738 0.23769924
0.24617970 0.06572909
0.15141274 0.19990428
0.00000000 0.00000000
0.30581576 0.27845463
0.13305749 0.40809995
0.40230036 0.11725850
0.33827591 0.06669906
0.17081541 0.15992351
0.07920420 0.14315793
0.11260738 0.23769924
0.07010404 0.09468660
0.06475912 0.11934325
0.26292509 0.76568037
0.00000000 0.00000000
0.13821717 0.11934325
0.10246653 0.18745302
0.33827591 0.06669906
0.17081541 0.15992351
0.00000000 0.00000000
0.00000000 0.00000000
0.07010404 0.09468660
0.06475912 0.11934325
0.00000000 0.00000000
0.00000000 0.00000000
0.13821717 0.11934325
0.10246653 0.18745302
0.00000000 0.00000000
0.00000000 0.00000000
0.25073653 0.38383061
0.00000000 0.00000000
0.00000000 0.00000000
0.00000000 0.00000000
0.00000000 0.90156311
0.90156311 0.34557760
0.90156311 0.90156311
0.34557760 0.16684799
0.16684799 0.47244099
0.58419579 0.70325905
0.47244099 0.58419579
0.70325905 0.73195386
0.73195386 0.71958345
0.66811800 0.55553132
0.71958345 0.66811800
0.55553132 0.44322413
0.44322413 0.07229993
0.30597740 0.36587614
0.07229993 0.30597740
0.36587614 0.88809133
0.00000000 0.63287598
0.29893842 0.24617970
0.63287598 0.29893842
0.24617970 0.06572909
0.06572909 0.15141274
0.19990428 0.13305749
0.15141274 0.19990428
0.13305749 0.40809995
0.40809995 0.40230036
0.11725850 0.07920420
0.40230036 0.11725850
0.07920420 0.14315793
0.14315793 0.11260738
0.23769924 0.26292509
0.11260738 0.23769924
0.26292509 0.76568037
0.00000000 0.30581576
0.27845463 0.33827591
0.30581576 0.27845463
0.33827591 0.06669906
0.06669906 0.17081541
0.15992351 0.07010404
0.17081541 0.15992351
0.07010404 0.09468660
0.09468660 0.06475912
0.11934325 0.13821717
0.06475912 0.11934325
0.13821717 0.11934325
0.11934325 0.10246653
0.18745302 0.25073653
0.10246653 0.18745302
0.25073653 0.38383061
0.00000000 0.00000000
0.00000000 0.00000000
0.00000000 0.00000000
0.00000000 0.00000000
0.00000000 0.00000000
0.00000000 0.00000000
0.00000000 0.00000000
0.00000000 0.00000000
0.00000000 0.00000000
0.00000000 0.00000000
0.00000000 0.00000000
0.00000000 0.00000000
0.00000000 0.00000000
0.00000000 0.00000000
0.00000000 0.00000000
0.00000000 0.00000000
0.90156311 0.34557760
0.16684799 0.47244099
0.34557760 0.16684799
0.47244099 0.58419579
0.58419579 0.70325905
0.73195386 0.71958345
0.70325905 0.73195386
0.71958345 0.66811800
0.66811800 0.55553132
0.44322413 0.07229993
0.55553132 0.44322413
0.07229993 0.30597740
0.30597740 0.36587614
0.88809133 0.00000000
0.36587614 0.88809133
0.00000000 0.00000000
0.29893842 0.24617970
0.06572909 0.15141274
0.24617970 0.06572909
0.15141274 0.19990428
0.19990428 0.13305749
0.40809995 0.40230036
0.13305749 0.40809995
0.40230036 0.11725850
0.11725850 0.07920420
0.14315793 0.11260738
0.07920420 0.14315793
0.11260738 0.23769924
0.23769924 0.26292509
0.76568037 0.00000000
0.26292509 0.76568037
0.00000000 0.00000000
0.27845463 0.33827591
0.06669906 0.17081541
0.33827591 0.06669906
0.17081541 0.15992351
0.15992351 0.07010404
0.09468660 0.06475912
0.07010404 0.09468660
0.06475912 0.11934325
0.11934325 0.13821717
0.11934325 0.10246653
0.13821717 0.11934325
0.10246653 0.18745302
0.18745302 0.25073653
0.38383061 0.00000000
0.25073653 0.38383061
0.00000000 0.00000000
0.00000000 0.00000000
0.00000000 0.00000000
0.00000000 0.00000000
0.00000000 0.00000000
0.00000000 0.00000000
0.00000000 0.00000000
0.00000000 0.00000000
0.00000000 0.00000000
0.00000000 0.00000000
0.00000000 0.00000000
0.00000000 0.00000000
0.00000000 0.00000000
0.00000000 0.00000000
0.00000000 0.00000000
0.00000000 0.00000000
0.00000000 0.00000000
0.00000000 0.00000000
0.63287598 0.29893842
0.00000000 0.63287598
0.29893842 0.24617970
0.24617970 0.06572909
0.15141274 0.19990428
0.06572909 0.15141274
0.19990428 0.13305749
0.13305749 0.40809995
0.40230036 0.11725850
0.40809995 0.40230036
0.11725850 0.07920420
0.07920420 0.14315793
0.11260738 0.23769924
0.14315793 0.11260738
0.23769924 0.26292509
0.00000000 0.00000000
0.30581576 0.27845463
0.00000000 0.30581576
0.27845463 0.33827591
0.33827591 0.06669906
0.17081541 0.15992351
0.06669906 0.17081541
0.15992351 0.07010404
0.07010404 0.09468660
0.06475912 0.11934325
0.09468660 0.06475912
0.11934325 0.13821717
0.13821717 0.11934325
0.10246653 0.18745302
0.11934325 0.10246653
0.18745302 0.25073653
0.00000000 0.00000000
0.00000000 0.00000000
0.00000000 0.00000000
0.00000000 0.00000000
0.00000000 0.00000000
0.00000000 0.00000000
0.00000000 0.00000000
0.00000000 0.00000000
0.00000000 0.00000000
0.00000000 0.00000000
0.00000000 0.00000000
0.00000000 0.00000000
0.00000000 0.00000000
0.00000000 0.00000000
0.00000000 0.00000000
0.00000000 0.00000000
0.00000000 0.00000000
0.00000000 0.00000000
0.00000000 0.00000000
0.00000000 0.00000000
0.00000000 0.00000000
0.00000000 0.00000000
0.00000000 0.00000000
0.00000000 0.00000000
0.00000000 0.00000000
0.00000000 0.00000000
0.00000000 0.00000000
0.00000000 0.00000000
0.00000000 0.00000000
0.00000000 0.00000000
0.00000000 0.00000000
0.00000000 0.00000000
0.63287598 0.29893842
0.24617970 0.06572909
0.29893842 0.24617970
0.06572909 0.15141274
0.15141274 0.19990428
0.13305749 0.40809995
0.19990428 0.13305749
0.40809995 0.40230036
0.40230036 0.11725850
0.07920420 0.14315793
0.11725850 0.07920420
0.14315793 0.11260738
0.11260738 0.23769924
0.26292509 0.76568037
0.23769924 0.26292509
0.76568037 0.00000000
0.30581576 0.27845463
0.33827591 0.06669906
0.27845463 0.33827591
0.06669906 0.17081541
0.17081541 0.15992351
0.07010404 0.09468660
0.15992351 0.07010404
0.09468660 0.06475912
0.06475912 0.11934325
0.13821717 0.11934325
0.11934325 0.13821717
0.11934325 0.10246653
0.10246653 0.18745302
0.25073653 0.38383061
0.18745302 0.25073653
0.38383061 0.00000000
0.00000000 0.00000000
0.00000000 0.00000000
0.00000000 0.00000000
0.00000000 0.00000000
0.00000000 0.00000000
0.00000000 0.00000000
0.00000000 0.00000000
0.00000000 0.00000000
0.00000000 0.00000000
0.00000000 0.00000000
0.00000000 0.00000000
0.00000000 0.00000000
0.00000000 0.00000000
0.00000000 0.00000000
0.00000000 0.00000000
0.00000000 0.00000000
0.00000000 0.00000000
0.00000000 0.00000000
0.00000000 0.00000000
0.00000000 0.00000000
0.00000000 0.00000000
0.00000000 0.00000000
0.00000000 0.00000000
0.00000000 0.00000000
0.00000000 0.00000000
0.00000000 0.00000000
0.00000000 0.00000000
0.00000000 0.00000000
0.00000000 0.00000000
0.00000000 0.00000000
0.00000000 0.00000000
0.00000000 0.00000000
0.24617970 0.06572909
0.15141274 0.19990428
0.00000000 0.00000000
0.00000000 0.00000000
0.13305749 0.40809995
0.40230036 0.11725850
0.00000000 0.00000000
0.00000000 0.00000000
0.07920420 0.14315793
0.11260738 0.23769924
0.00000000 0.00000000
0.00000000 0.00000000
0.26292509 0.76568037
0.00000000 0.00000000
0.00000000 0.00000000
0.00000000 0.00000000
0.33827591 0.06669906
0.17081541 0.15992351
0.00000000 0.00000000
0.00000000 0.00000000
0.07010404 0.09468660
0.06475912 0.11934325
0.00000000 0.00000000
0.00000000 0.00000000
0.13821717 0.11934325
0.10246653 0.18745302
0.00000000 0.00000000
0.00000000 0.00000000
0.25073653 0.38383061
0.00000000 0.00000000
0.00000000 0.00000000
0.00000000 0.00000000
0.00000000 0.00000000
0.00000000 0.00000000
0.00000000 0.00000000
0.00000000 0.00000000
0.00000000 0.00000000
0.00000000 0.00000000
0.00000000 0.00000000
0.00000000 0.00000000
0.00000000 0.00000000
0.00000000 0.00000000
0.00000000 0.00000000
0.00000000 0.00000000
0.00000000 0.00000000
0.00000000 0.00000000
0.00000000 0.00000000
0.00000000 0.00000000
0.00000000 0.00000000
0.00000000 0.00000000
0.00000000 0.00000000
0.00000000 0.00000000
0.00000000 0.00000000
0.00000000 0.00000000
0.00000000 0.00000000
0.00000000 0.00000000
0.00000000 0.00000000
0.00000000 0.00000000
0.00000000 0.00000000
0.00000000 0.00000000
0.00000000 0.00000000
0.00000000 0.00000000
0.00000000 0.00000000
0.00000000 0.00000000
0.00000000 0.00000000
0.00000000 0.00000000
0.00000000 0.00000000
0.00000000 0.00000000
0.00000000 0.00000000
0.00000000 0.00000000
0.00000000 0.00000000
0.00000000 0.00000000
0.00000000 0.00000000
0.00000000 0.00000000
0.00000000 0.00000000
0.00000000 0.00000000
0.00000000 0.00000000
0.00000000 0.00000000
0.00000000 0.00000000
0.00000000 0.00000000
0.00000000 0.00000000
0.00000000 0.00000000
0.00000000 0.00000000
0.00000000 0.00000000
0.00000000 0.00000000
0.00000000 0.00000000
0.00000000 0.00000000
0.00000000 0.00000000
0.00000000 0.00000000
0.00000000 0.00000000
0.00000000 0.00000000
0.00000000 0.00000000
0.00000000 0.00000000
0.00000000 0.00000000
0.00000000 0.00000000
0.00000000 0.00000000
0.00000000 0.00000000
0.00000000 0.00000000
0.00000000 0.00000000
0.00000000 0.00000000
0.00000000 0.00000000
0.00000000 0.00000000
0.00000000 0.00000000
0.00000000 0.00000000
0.00000000 0.00000000
0.00000000 0.00000000
0.00000000 0.00000000
0.00000000 0.00000000
0.00000000 0.00000000
0.00000000 0.00000000
0.00000000 0.00000000
0.00000000 0.00000000
0.00000000 0.00000000
0.00000000 0.00000000
0.00000000 0.00000000
0.00000000 0.00000000
0.00000000 0.00000000
0.00000000 0.00000000
0.00000000 0.00000000
0.00000000 0.00000000
0.00000000 0.00000000
0.00000000 0.00000000
0.00000000 0.00000000
0.00000000 0.00000000
0.00000000 0.00000000
0.00000000 0.00000000
0.00000000 0.00000000
0.00000000 0.00000000
0.00000000 0.00000000
0.00000000 0.00000000
0.00000000 0.00000000
0.00000000 0.00000000
0.00000000 0.00000000
0.00000000 0.00000000
0.00000000 0.00000000
0.00000000 0.00000000
0.00000000 0.00000000
0.00000000 0.00000000
0.00000000 0.00000000
0.00000000 0.00000000
0.00000000 0.00000000
0.00000000 0.00000000
0.00000000 0.00000000
0.00000000 0.00000000
0.00000000 0.00000000
0.00000000 0.00000000
0.00000000 0.00000000
0.00000000 0.00000000
0.00000000 0.00000000
0.00000000 0.00000000
0.00000000 0.00000000
0.00000000 0.00000000
0.00000000 0.00000000
0.00000000 0.00000000
0.00000000 0.00000000
0.00000000 0.00000000
0.00000000 0.00000000
0.00000000 0.00000000
0.00000000 0.00000000
0.00000000 0.00000000
0.00000000 0.00000000
0.00000000 0.00000000
0.00000000 0.00000000
0.00000000 0.00000000
0.00000000 0.00000000
0.00000000 0.00000000
0.00000000 0.00000000
0.00000000 0.00000000
0.00000000 0.00000000
0.00000000 0.00000000
0.00000000 0.00000000
0.00000000 0.00000000
0.00000000 0.00000000
0.00000000 0.00000000
0.00000000 0.00000000
0.00000000 0.00000000
0.00000000 0.00000000
0.00000000 0.00000000
0.00000000 0.00000000
0.00000000 0.00000000
0.00000000 0.00000000
0.00000000 0.00000000
0.00000000 0.00000000
0.00000000 0.00000000
0.00000000 0.00000000
0.00000000 0.00000000
0.00000000 0.00000000
0.00000000 0.00000000
0.00000000 0.00000000
0.00000000 0.00000000
0.00000000 0.00000000
0.00000000 0.00000000
0.00000000 0.00000000
0.00000000 0.00000000
0.00000000 0.00000000
0.00000000 0.00000000
0.00000000 0.00000000
0.00000000 0.00000000
0.00000000 0.00000000
0.00000000 0.00000000
0.00000000 0.00000000
0.00000000 0.00000000
0.00000000 0.00000000
0.00000000 0.00000000
0.00000000 0.00000000
0.00000000 0.00000000
0.00000000 0.00000000
0.00000000 0.00000000
0.00000000 0.00000000
0.00000000 0.00000000
0.00000000 0.00000000
0.00000000 0.00000000
0.00000000 0.00000000
0.00000000 0.00000000
0.00000000 0.00000000
0.00000000 0.00000000
0.00000000 0.00000000
0.00000000 0.00000000
0.00000000 0.00000000
0.00000000 0.00000000
0.00000000 0.00000000
0.00000000 0.00000000
0.00000000 0.00000000
0.00000000 0.00000000
0.00000000 0.00000000
0.00000000 0.00000000
0.00000000 0.00000000
0.00000000 0.00000000
0.00000000 0.00000000
0.00000000 0.00000000
0.00000000 0.00000000
0.00000000 0.00000000
0.00000000 0.00000000
0.00000000 0.00000000
0.00000000 0.00000000
0.00000000 0.00000000
0.00000000 0.00000000
0.00000000 0.00000000
0.00000000 0.00000000
0.00000000 0.00000000
0.00000000 0.00000000
0.00000000 0.00000000
0.00000000 0.00000000
0.00000000 0.00000000
0.00000000 0.00000000
0.00000000 0.00000000
0.00000000 0.00000000
0.00000000 0.00000000
0.00000000 0.00000000
0.00000000 0.00000000
0.00000000 0.00000000
0.00000000 0.00000000
0.00000000 0.00000000
0.00000000 0.00000000
0.00000000 0.00000000
0.00000000 0.00000000
0.00000000 0.00000000
0.90156311 0.31480813
0.00000000 0.90156311
0.31480813 0.62253976
0.62253976 0.69207752
0.72430527 0.74566472
0.69207752 0.72430527
0.74566472 0.75110394
0.75110394 0.68018198
0.74606216 0.74668521
0.68018198 0.74606216
0.74668521 0.75726730
0.75726730 0.74297041
0.73700243 0.27255738
0.74297041 0.73700243
0.27255738 0.37606749
0.00000000 0.00000000
0.89819515 0.32626584
0.00000000 0.89819515
0.32626584 0.57743973
0.57743973 0.63793796
0.68913060 0.59166592
0.63793796 0.68913060
0.59166592 0.48489898
0.48489898 0.55694586
0.49633649 0.48665702
0.55694586 0.49633649
0.48665702 0.70391917
0.70391917 0.72004151
0.67609328 0.29640573
0.72004151 0.67609328
0.29640573 0.43559575
0.00000000 0.00000000
0.90569890 0.90233099
0.00000000 0.90569890
0.90233099 0.24074049
0.24074049 0.56105810
0.61026365 0.69968903
0.56105810 0.61026365
0.69968903 0.72106194
0.72106194 0.72445011
0.69681287 0.67875057
0.72445011 0.69681287
0.67875057 0.63914031
0.63914031 0.68191648
0.54591250 0.33559504
0.68191648 0.54591250
0.33559504 0.43694967
0.00000000 0.00000000
0.90156311 0.90156311
0.00000000 0.90156311
0.90156311 0.34557760
0.34557760 0.16684799
0.47244099 0.58419579
0.16684799 0.47244099
0.58419579 0.70325905
0.70325905 0.73195386
0.71958345 0.66811800
0.73195386 0.71958345
0.66811800 0.55553132
0.55553132 0.44322413
0.07229993 0.30597740
0.44322413 0.07229993
0.30597740 0.36587614
0.90156311 0.31480813
0.62253976 0.69207752
0.31480813 0.62253976
0.69207752 0.72430527
0.72430527 0.74566472
0.75110394 0.68018198
0.74566472 0.75110394
0.68018198 0.74606216
0.74606216 0.74668521
0.75726730 0.74297041
0.74668521 0.75726730
0.74297041 0.73700243
0.73700243 0.27255738
0.37606749 0.71576422
0.27255738 0.37606749
0.71576422 0.00000000
0.89819515 0.32626584
0.57743973 0.63793796
0.32626584 0.57743973
0.63793796 0.68913060
0.68913060 0.59166592
0.48489898 0.55694586
0.59166592 0.48489898
0.55694586 0.49633649
0.49633649 0.48665702
0.70391917 0.72004151
0.48665702 0.70391917
0.72004151 0.67609328
0.67609328 0.29640573
0.43559575 0.88355136
0.29640573 0.43559575
0.88355136 0.00000000
0.90569890 0.90233099
0.24074049 0.56105810
0.90233099 0.24074049
0.56105810 0.61026365
0.61026365 0.69968903
0.72106194 0.72445011
0.69968903 0.72106194
0.72445011 0.69681287
0.69681287 0.67875057
0.63914031 0.68191648
0.67875057 0.63914031
0.68191648 0.54591250
0.54591250 0.33559504
0.43694967 0.89482725
0.33559504 0.43694967
0.89482725 0.00000000
0.90156311 0.90156311
0.34557760 0.16684799
0.90156311 0.34557760
0.16684799 0.47244099
0.47244099 0.58419579
0.70325905 0.73195386
0.58419579 0.70325905
0.73195386 0.71958345
0.71958345 0.66811800
0.55553132 0.44322413
0.66811800 0.55553132
0.44322413 0.07229993
0.07229993 0.30597740
0.36587614 0.88809133
0.30597740 0.36587614
0.88809133 0.00000000
0.62253976 0.69207752
0.72430527 0.74566472
0.00000000 0.00000000
0.89819515 0.32626584
0.75110394 0.68018198
0.74606216 0.74668521
0.57743973 0.63793796
0.68913060 0.59166592
0.75726730 0.74297041
0.73700243 0.27255738
0.48489898 0.55694586
0.49633649 0.48665702
0.37606749 0.71576422
0.00000000 0.00000000
0.70391917 0.72004151
0.67609328 0.29640573
0.57743973 0.63793796
0.68913060 0.59166592
0.00000000 0.00000000
0.90569890 0.90233099
0.48489898 0.55694586
0.49633649 0.48665702
0.24074049 0.56105810
0.61026365 0.69968903
0.70391917 0.72004151
0.67609328 0.29640573
0.72106194 0.72445011
0.69681287 0.67875057
0.43559575 0.88355136
0.00000000 0.00000000
0.63914031 0.68191648
0.54591250 0.33559504
0.24074049 0.56105810
0.61026365 0.69968903
0.00000000 0.00000000
0.90156311 0.90156311
0.72106194 0.72445011
0.69681287 0.67875057
0.34557760 0.16684799
0.47244099 0.58419579
0.63914031 0.68191648
0.54591250 0.33559504
0.70325905 0.73195386
0.71958345 0.66811800
0.43694967 0.89482725
0.00000000 0.00000000
0.55553132 0.44322413
0.07229993 0.30597740
0.34557760 0.16684799
0.47244099 0.58419579
0.00000000 0.00000000
0.63287598 0.29893842
0.70325905 0.73195386
0.71958345 0.66811800
0.24617970 0.06572909
0.15141274 0.19990428
0.55553132 0.44322413
0.07229993 0.30597740
0.13305749 0.40809995
0.40230036 0.11725850
0.36587614 0.88809133
0.00000000 0.00000000
0.07920420 0.14315793
0.11260738 0.23769924
0.00000000 0.89819515
0.32626584 0.57743973
0.89819515 0.32626584
0.57743973 0.63793796
0.63793796 0.68913060
0.59166592 0.48489898
0.68913060 0.59166592
0.48489898 0.55694586
0.55694586 0.49633649
0.48665702 0.70391917
0.49633649 0.48665702
0.70391917 0.72004151
0.72004151 0.67609328
0.29640573 0.43559575
0.67609328 0.29640573
0.43559575 0.88355136
0.00000000 0.90569890
0.90233099 0.24074049
0.90569890 0.90233099
0.24074049 0.56105810
0.56105810 0.61026365
0.69968903 0.72106194
0.61026365 0.69968903
0.72106194 0.72445011
0.72445011 0.69681287
0.67875057 0.63914031
0.69681287 0.67875057
0.63914031 0.68191648
0.68191648 0.54591250
0.33559504 0.43694967
0.54591250 0.33559504
0.43694967 0.89482725
0.00000000 0.90156311
0.90156311 0.34557760
0.90156311 0.90156311
0.34557760 0.16684799
0.16684799 0.47244099
0.58419579 0.70325905
0.47244099 0.58419579
0.70325905 0.73195386
0.73195386 0.71958345
0.66811800 0.55553132
0.71958345 0.66811800
0.55553132 0.44322413
0.44322413 0.07229993
0.30597740 0.36587614
0.07229993 0.30597740
0.36587614 0.88809133
0.00000000 0.63287598
0.29893842 0.24617970
0.63287598 0.29893842
0.24617970 0.06572909
0.06572909 0.15141274
0.19990428 0.13305749
0.15141274 0.19990428
0.13305749 0.40809995
0.40809995 0.40230036
0.11725850 0.07920420
0.40230036 0.11725850
0.07920420 0.14315793
0.14315793 0.11260738
0.23769924 0.26292509
0.11260738 0.23769924
0.26292509 0.76568037
0.32626584 0.57743973
0.63793796 0.68913060
0.57743973 0.63793796
0.68913060 0.59166592
0.59166592 0.48489898
0.55694586 0.49633649
0.48489898 0.55694586
0.49633649 0.48665702
0.48665702 0.70391917
0.72004151 0.67609328
0.70391917 0.72004151
0.67609328 0.29640573
0.29640573 0.43559575
0.88355136 0.00000000
0.43559575 0.88355136
0.00000000 0.00000000
0.90233099 0.24074049
0.56105810 0.61026365
0.24074049 0.56105810
0.61026365 0.69968903
0.69968903 0.72106194
0.72445011 0.69681287
0.72106194 0.72445011
0.69681287 0.67875057
0.67875057 0.63914031
0.68191648 0.54591250
0.63914031 0.68191648
0.54591250 0.33559504
0.33559504 0.43694967
0.89482725 0.00000000
0.43694967 0.89482725
0.00000000 0.00000000
0.90156311 0.34557760
0.16684799 0.47244099
0.34557760 0.16684799
0.47244099 0.58419579
0.58419579 0.70325905
0.73195386 0.71958345
0.70325905 0.73195386
0.71958345 0.66811800
0.66811800 0.55553132
0.44322413 0.07229993
0.55553132 0.44322413
0.07229993 0.30597740
0.30597740 0.36587614
0.88809133 0.00000000
0.36587614 0.88809133
0.00000000 0.00000000
0.29893842 0.24617970
0.06572909 0.15141274
0.24617970 0.06572909
0.15141274 0.19990428
0.19990428 0.13305749
0.40809995 0.40230036
0.13305749 0.40809995
0.40230036 0.11725850
0.11725850 0.07920420
0.14315793 0.11260738
0.07920420 0.14315793
0.11260738 0.23769924
0.23769924 0.26292509
0.76568037 0.00000000
0.26292509 0.76568037
0.00000000 0.00000000
0.00000000 0.00000000
0.90569890 0.90233099
0.00000000 0.90569890
0.90233099 0.24074049
0.24074049 0.56105810
0.61026365 0.69968903
0.56105810 0.61026365
0.69968903 0.72106194
0.72106194 0.72445011
0.69681287 0.67875057
0.72445011 0.69681287
0.67875057 0.63914031
0.63914031 0.68191648
0.54591250 0.33559504
0.68191648 0.54591250
0.33559504 0.43694967
0.00000000 0.00000000
0.90156311 0.90156311
0.00000000 0.90156311
0.90156311 0.34557760
0.34557760 0.16684799
0.47244099 0.58419579
0.16684799 0.47244099
0.58419579 0.70325905
0.70325905 0.73195386
0.71958345 0.66811800
0.73195386 0.71958345
0.66811800 0.55553132
0.55553132 0.44322413
0.07229993 0.30597740
0.44322413 0.07229993
0.30597740 0.36587614
0.00000000 0.00000000
0.63287598 0.29893842
0.00000000 0.63287598
0.29893842 0.24617970
0.24617970 0.06572909
0.15141274 0.19990428
0.06572909 0.15141274
0.19990428 0.13305749
0.13305749 0.40809995
0.40230036 0.11725850
0.40809995 0.40230036
0.11725850 0.07920420
0.07920420 0.14315793
0.11260738 0.23769924
0.14315793 0.11260738
0.23769924 0.26292509
0.00000000 0.00000000
0.30581576 0.27845463
0.00000000 0.30581576
0.27845463 0.33827591
0.33827591 0.06669906
0.17081541 0.15992351
0.06669906 0.17081541
0.15992351 0.07010404
0.07010404 0.09468660
0.06475912 0.11934325
0.09468660 0.06475912
0.11934325 0.13821717
0.13821717 0.11934325
0.10246653 0.18745302
0.11934325 0.10246653
0.18745302 0.25073653
0.90569890 0.90233099
0.24074049 0.56105810
0.90233099 0.24074049
0.56105810 0.61026365
0.61026365 0.69968903
0.72106194 0.72445011
0.69968903 0.72106194
0.72445011 0.69681287
0.69681287 0.67875057
0.63914031 0.68191648
0.67875057 0.63914031
0.68191648 0.54591250
0.54591250 0.33559504
0.43694967 0.89482725
0.33559504 0.43694967
0.89482725 0.00000000
0.90156311 0.90156311
0.34557760 0.16684799
0.90156311 0.34557760
0.16684799 0.47244099
0.47244099 0.58419579
0.70325905 0.73195386
0.58419579 0.70325905
0.73195386 0.71958345
0.71958345 0.66811800
0.55553132 0.44322413
0.66811800 0.55553132
0.44322413 0.07229993
0.07229993 0.30597740
0.36587614 0.88809133
0.30597740 0.36587614
0.88809133 0.00000000
0.63287598 0.29893842
0.24617970 0.06572909
0.29893842 0.24617970
0.06572909 0.15141274
0.15141274 0.19990428
0.13305749 0.40809995
0.19990428 0.13305749
0.40809995 0.40230036
0.40230036 0.11725850
0.07920420 0.14315793
0.11725850 0.07920420
0.14315793 0.11260738
0.11260738 0.23769924
0.26292509 0.76568037
0.23769924 0.26292509
0.76568037 0.00000000
0.30581576 0.27845463
0.33827591 0.06669906
0.27845463 0.33827591
0.06669906 0.17081541
0.17081541 0.15992351
0.07010404 0.09468660
0.15992351 0.07010404
0.09468660 0.06475912
0.06475912 0.11934325
0.13821717 0.11934325
0.11934325 0.13821717
0.11934325 0.10246653
0.10246653 0.18745302
0.25073653 0.38383061
0.18745302 0.25073653
0.38383061 0.00000000
0.24074049 0.56105810
0.61026365 0.69968903
0.00000000 0.00000000
0.90156311 0.90156311
0.72106194 0.72445011
0.69681287 0.67875057
0.34557760 0.16684799
0.47244099 0.58419579
0.63914031 0.68191648
0.54591250 0.33559504
0.70325905 0.73195386
0.71958345 0.66811800
0.43694967 0.89482725
0.00000000 0.00000000
0.55553132 0.44322413
0.07229993 0.30597740
0.34557760 0.16684799
0.47244099 0.58419579
0.00000000 0.00000000
0.63287598 0.29893842
0.70325905 0.73195386
0.71958345 0.66811800
0.24617970 0.06572909
0.15141274 0.19990428
0.55553132 0.44322413
0.07229993 0.30597740
0.13305749 0.40809995
0.40230036 0.11725850
0.36587614 0.88809133
0.00000000 0.00000000
0.07920420 0.14315793
0.11260738 0.23769924
0.24617970 0.06572909
0.15141274 0.19990428
0.00000000 0.00000000
0.30581576 0.27845463
0.13305749 0.40809995
0.40230036 0.11725850
0.33827591 0.06669906
0.17081541 0.15992351
0.07920420 0.14315793
0.11260738 0.23769924
0.07010404 0.09468660
0.06475912 0.11934325
0.26292509 0.76568037
0.00000000 0.00000000
0.13821717 0.11934325
0.10246653 0.18745302
0.33827591 0.06669906
0.17081541 0.15992351
0.00000000 0.00000000
0.00000000 0.00000000
0.07010404 0.09468660
0.06475912 0.11934325
0.00000000 0.00000000
0.00000000 0.00000000
0.13821717 0.11934325
0.10246653 0.18745302
0.00000000 0.00000000
0.00000000 0.00000000
0.25073653 0.38383061
0.00000000 0.00000000
0.00000000 0.00000000
0.00000000 0.00000000
0.00000000 0.90156311
0.90156311 0.34557760
0.90156311 0.90156311
0.34557760 0.16684799
0.16684799 0.47244099
0.58419579 0.70325905
0.47244099 0.58419579
0.70325905 0.73195386
0.73195386 0.71958345
0.66811800 0.55553132
0.71958345 0.66811800
0.55553132 0.44322413
0.44322413 0.07229993
0.30597740 0.36587614
0.07229993 0.30597740
0.36587614 0.88809133
0.00000000 0.63287598
0.29893842 0.24617970
0.63287598 0.29893842
0.24617970 0.06572909
0.06572909 0.15141274
0.19990428 0.13305749
0.15141274 0.19990428
0.13305749 0.40809995
0.40809995 0.40230036
0.11725850 0.07920420
0.40230036 0.11725850
0.07920420 0.14315793
0.14315793 0.11260738
0.23769924 0.26292509
0.11260738 0.23769924
0.26292509 0.76568037
0.00000000 0.30581576
0.27845463 0.33827591
0.30581576 0.27845463
0.33827591 0.06669906
0.06669906 0.17081541
0.15992351 0.07010404
0.17081541 0.15992351
0.07010404 0.09468660
0.09468660 0.06475912
0.11934325 0.13821717
0.06475912 0.11934325
0.13821717 0.11934325
0.11934325 0.10246653
0.18745302 0.25073653
0.10246653 0.18745302
0.25073653 0.38383061
0.00000000 0.00000000
0.00000000 0.00000000
0.00000000 0.00000000
0.00000000 0.00000000
0.00000000 0.00000000
0.00000000 0.00000000
0.00000000 0.00000000
0.00000000 0.00000000
0.00000000 0.00000000
0.00000000 0.00000000
0.00000000 0.00000000
0.00000000 0.00000000
0.00000000 0.00000000
0.00000000 0.00000000
0.00000000 0.00000000
0.00000000 0.00000000
0.90156311 0.34557760
0.16684799 0.47244099
0.34557760 0.16684799
0.47244099 0.58419579
0.58419579 0.70325905
0.73195386 0.71958345
0.70325905 0.73195386
0.71958345 0.66811800
0.66811800 0.55553132
0.44322413 0.07229993
0.55553132 0.44322413
0.07229993 0.30597740
0.30597740 0.36587614
0.88809133 0.00000000
0.36587614 0.88809133
0.00000000 0.00000000
0.29893842 0.24617970
0.06572909 0.15141274
0.24617970 0.06572909
0.15141274 0.19990428
0.19990428 0.13305749
0.40809995 0.40230036
0.13305749 0.40809995
0.40230036 0.11725850
0.11725850 0.07920420
0.14315793 0.11260738
0.07920420 0.14315793
0.11260738 0.23769924
0.23769924 0.26292509
0.76568037 0.00000000
0.26292509 0.76568037
0.00000000 0.00000000
0.27845463 0.33827591
0.06669906 0.17081541
0.33827591 0.06669906
0.17081541 0.15992351
0.15992351 0.07010404
0.09468660 0.06475912
0.07010404 0.09468660
0.06475912 0.11934325
0.11934325 0.13821717
0.11934325 0.10246653
0.13821717 0.11934325
0.10246653 0.18745302
0.18745302 0.25073653
0.38383061 0.00000000
0.25073653 0.38383061
0.00000000 0.00000000
0.00000000 0.00000000
0.00000000 0.00000000
0.00000000 0.00000000
0.00000000 0.00000000
0.00000000 0.00000000
0.00000000 0.00000000
0.00000000 0.00000000
0.00000000 0.00000000
0.00000000 0.00000000
0.00000000 0.00000000
0.00000000 0.00000000
0.00000000 0.00000000
0.00000000 0.00000000
0.00000000 0.00000000
0.00000000 0.00000000
0.00000000 0.00000000
0.00000000 0.00000000
0.63287598 0.29893842
0.00000000 0.63287598
0.29893842 0.24617970
0.24617970 0.06572909
0.15141274 0.19990428
0.06572909 0.15141274
0.19990428 0.13305749
0.13305749 0.40809995
0.40230036 0.11725850
0.40809995 0.40230036
0.11725850 0.07920420
0.07920420 0.14315793
0.11260738 0.23769924
0.14315793 0.11260738
0.23769924 0.26292509
0.00000000 0.00000000
0.30581576 0.27845463
0.00000000 0.30581576
0.27845463 0.33827591
0.33827591 0.06669906
0.17081541 0.15992351
0.06669906 0.17081541
0.15992351 0.07010404
0.07010404 0.09468660
0.06475912 0.11934325
0.09468660 0.06475912
0.11934325 0.13821717
0.13821717 0.11934325
0.10246653 0.18745302
0.11934325 0.10246653
0.18745302 0.25073653
0.00000000 0.00000000
0.00000000 0.00000000
0.00000000 0.00000000
0.00000000 0.00000000
0.00000000 0.00000000
0.00000000 0.00000000
0.00000000 0.00000000
0.00000000 0.00000000
0.00000000 0.00000000
0.00000000 0.00000000
0.00000000 0.00000000
0.00000000 0.00000000
0.00000000 0.00000000
0.00000000 0.00000000
0.00000000 0.00000000
0.00000000 0.00000000
0.00000000 0.00000000
0.00000000 0.00000000
0.00000000 0.00000000
0.00000000 0.00000000
0.00000000 0.00000000
0.00000000 0.00000000
0.00000000 0.00000000
0.00000000 0.00000000
0.00000000 0.00000000
0.00000000 0.00000000
0.00000000 0.00000000
0.00000000 0.00000000
0.00000000 0.00000000
0.00000000 0.00000000
0.00000000 0.00000000
0.00000000 0.00000000
0.63287598 0.29893842
0.24617970 0.06572909
0.29893842 0.24617970
0.06572909 0.15141274
0.15141274 0.19990428
0.13305749 0.40809995
0.19990428 0.13305749
0.40809995 0.40230036
0.40230036 0.11725850
0.07920420 0.14315793
0.11725850 0.07920420
0.14315793 0.11260738
0.11260738 0.23769924
0.26292509 0.76568037
0.23769924 0.26292509
0.76568037 0.00000000
0.30581576 0.27845463
0.33827591 0.06669906
0.27845463 0.33827591
0.06669906 0.17081541
0.17081541 0.15992351
0.07010404 0.09468660
0.15992351 0.07010404
0.09468660 0.06475912
0.06475912 0.11934325
0.13821717 0.11934325
0.11934325 0.13821717
0.11934325 0.10246653
0.10246653 0.18745302
0.25073653 0.38383061
0.18745302 0.25073653
0.38383061 0.00000000
0.00000000 0.00000000
0.00000000 0.00000000
0.00000000 0.00000000
0.00000000 0.00000000
0.00000000 0.00000000
0.00000000 0.00000000
0.00000000 0.00000000
0.00000000 0.00000000
0.00000000 0.00000000
0.00000000 0.00000000
0.00000000 0.00000000
0.00000000 0.00000000
0.00000000 0.00000000
0.00000000 0.00000000
0.00000000 0.00000000
0.00000000 0.00000000
0.00000000 0.00000000
0.00000000 0.00000000
0.00000000 0.00000000
0.00000000 0.00000000
0.00000000 0.00000000
0.00000000 0.00000000
0.00000000 0.00000000
0.00000000 0.00000000
0.00000000 0.00000000
0.00000000 0.00000000
0.00000000 0.00000000
0.00000000 0.00000000
0.00000000 0.00000000
0.00000000 0.00000000
0.00000000 0.00000000
0.00000000 0.00000000
0.24617970 0.06572909
0.15141274 0.19990428
0.00000000 0.00000000
0.00000000 0.00000000
0.13305749 0.40809995
0.40230036 0.11725850
0.00000000 0.00000000
0.00000000 0.00000000
0.07920420 0.14315793
0.11260738 0.23769924
0.00000000 0.00000000
0.00000000 0.00000000
0.26292509 0.76568037
0.00000000 0.00000000
0.00000000 0.00000000
0.00000000 0.00000000
0.33827591 0.06669906
0.17081541 0.15992351
0.00000000 0.00000000
0.00000000 0.00000000
0.07010404 0.09468660
0.06475912 0.11934325
0.00000000 0.00000000
0.00000000 0.00000000
0.13821717 0.11934325
0.10246653 0.18745302
0.00000000 0.00000000
0.00000000 0.00000000
0.25073653 0.38383061
0.00000000 0.00000000
0.00000000 0.00000000
0.00000000 0.00000000
0.00000000 0.00000000
0.00000000 0.00000000
0.00000000 0.00000000
0.00000000 0.00000000
0.00000000 0.00000000
0.00000000 0.00000000
0.00000000 0.00000000
0.00000000 0.00000000
0.00000000 0.00000000
0.00000000 0.00000000
0.00000000 0.00000000
0.00000000 0.00000000
0.00000000 0.00000000
0.00000000 0.00000000
0.00000000 0.00000000
0.00000000 0.00000000
0.00000000 0.00000000
0.00000000 0.00000000
0.00000000 0.00000000
0.00000000 0.00000000
0.00000000 0.00000000
0.00000000 0.00000000
0.00000000 0.00000000
0.00000000 0.00000000
0.00000000 0.00000000
0.00000000 0.00000000
0.00000000 0.00000000
0.00000000 0.00000000
0.00000000 0.00000000
0.00000000 0.00000000
0.00000000 0.00000000
0.00000000 0.00000000
0.00000000 0.00000000
0.00000000 0.00000000
0.00000000 0.00000000
0.00000000 0.00000000
0.00000000 0.00000000
0.00000000 0.00000000
0.00000000 0.00000000
0.00000000 0.00000000
0.00000000 0.00000000
0.00000000 0.00000000
0.00000000 0.00000000
0.00000000 0.00000000
0.00000000 0.00000000
0.00000000 0.00000000
0.00000000 0.00000000
0.00000000 0.00000000
0.00000000 0.00000000
0.00000000 0.00000000
0.00000000 0.00000000
0.00000000 0.00000000
0.00000000 0.00000000
0.00000000 0.00000000
0.00000000 0.00000000
0.00000000 0.00000000
0.00000000 0.00000000
0.00000000 0.00000000
0.00000000 0.00000000
0.00000000 0.00000000
0.00000000 0.00000000
0.00000000 0.00000000
0.00000000 0.00000000
0.00000000 0.00000000
0.00000000 0.00000000
0.00000000 0.00000000
0.00000000 0.00000000
0.00000000 0.00000000
0.00000000 0.00000000
0.00000000 0.00000000
0.00000000 0.00000000
0.00000000 0.00000000
0.00000000 0.00000000
0.00000000 0.00000000
0.00000000 0.00000000
0.00000000 0.00000000
0.00000000 0.00000000
0.00000000 0.00000000
0.00000000 0.00000000
0.00000000 0.00000000
0.00000000 0.00000000
0.00000000 0.00000000
0.00000000 0.00000000
0.00000000 0.00000000
0.00000000 0.00000000
0.00000000 0.00000000
0.00000000 0.00000000
0.00000000 0.00000000
0.00000000 0.00000000
0.00000000 0.00000000
0.00000000 0.00000000
0.00000000 0.00000000
0.00000000 0.00000000
0.00000000 0.00000000
0.00000000 0.00000000
0.00000000 0.00000000
0.00000000 0.00000000
0.00000000 0.00000000
0.00000000 0.00000000
0.00000000 0.00000000
0.00000000 0.00000000
0.00000000 0.00000000
0.00000000 0.00000000
0.00000000 0.00000000
0.00000000 0.00000000
0.00000000 0.00000000
0.00000000 0.00000000
0.00000000 0.00000000
0.00000000 0.00000000
0.00000000 0.00000000
0.00000000 0.00000000
0.00000000 0.00000000
0.00000000 0.00000000
0.00000000 0.00000000
0.00000000 0.00000000
0.00000000 0.00000000
0.00000000 0.00000000
0.00000000 0.00000000
0.00000000 0.00000000
0.00000000 0.00000000
0.00000000 0.00000000
0.00000000 0.00000000
0.00000000 0.00000000
0.00000000 0.00000000
0.00000000 0.00000000
0.00000000 0.00000000
0.00000000 0.00000000
0.00000000 0.00000000
0.00000000 0.00000000
0.00000000 0.00000000
0.00000000 0.00000000
0.00000000 0.00000000
0.00000000 0.00000000
0.00000000 0.00000000
0.00000000 0.00000000
0.00000000 0.00000000
0.00000000 0.00000000
0.00000000 0.00000000
0.00000000 0.00000000
0.00000000 0.00000000
0.00000000 0.00000000
0.00000000 0.00000000
0.00000000 0.00000000
0.00000000 0.00000000
0.00000000 0.00000000
0.00000000 0.00000000
0.00000000 0.00000000
0.00000000 0.00000000
0.00000000 0.00000000
0.00000000 0.00000000
0.00000000 0.00000000
0.00000000 0.00000000
0.00000000 0.00000000
0.00000000 0.00000000
0.00000000 0.00000000
0.00000000 0.00000000
0.00000000 0.00000000
0.00000000 0.00000000
0.00000000 0.00000000
0.00000000 0.00000000
0.00000000 0.00000000
0.00000000 0.00000000
0.00000000 0.00000000
0.00000000 0.00000000
0.00000000 0.00000000
0.00000000 0.00000000
0.00000000 0.00000000
0.00000000 0.00000000
0.00000000 0.00000000
0.00000000 0.00000000
0.00000000 0.00000000
0.00000000 0.00000000
0.00000000 0.00000000
0.00000000 0.00000000
0.00000000 0.00000000
0.00000000 0.00000000
0.00000000 0.00000000
0.00000000 0.00000000
0.00000000 0.00000000
0.00000000 0.00000000
0.00000000 0.00000000
0.00000000 0.00000000
0.00000000 0.00000000
0.00000000 0.00000000
0.00000000 0.00000000
0.00000000 0.00000000
0.00000000 0.00000000
0.00000000 0.00000000
0.00000000 0.00000000
0.00000000 0.00000000
0.00000000 0.00000000
0.00000000 0.00000000
0.00000000 0.00000000
0.00000000 0.00000000
0.00000000 0.00000000
0.00000000 0.00000000
0.00000000 0.00000000
0.00000000 0.00000000
0.00000000 0.00000000
0.00000000 0.00000000
0.00000000 0.00000000
0.00000000 0.00000000
0.00000000 0.00000000
0.00000000 0.00000000
0.00000000 0.00000000
0.00000000 0.00000000
0.00000000 0.00000000
0.00000000 0.00000000
0.00000000 0.00000000
0.00000000 0.00000000
0.00000000 0.00000000
0.00000000 0.00000000
0.00000000 0.00000000
0.00000000 0.00000000
0.00000000 0.00000000
0.00000000 0.00000000
0.00000000 0.00000000
0.00000000 0.00000000
0.00000000 0.00000000
0.00000000 0.00000000
0.00000000 0.00000000
0.00000000 0.00000000
0.00000000 0.00000000
0.00000000 0.00000000
