0.00000000 0.00000000
0.90156311 0.36962801
0.00000000 0.90156311
0.36962801 0.66290110
0.66290110 0.59600377
0.71153075 0.25062200
0.59600377 0.71153075
0.25062200 0.74718368
0.74718368 0.76174998
0.76649207 0.74958163
0.76174998 0.76649207
0.74958163 0.14769790
0.14769790 0.64915657
0.63747317 0.30310118
0.64915657 0.63747317
0.30310118 0.35342488
0.00000000 0.00000000
0.91166687 0.32584485
0.00000000 0.91166687
0.32584485 0.70693684
0.70693684 0.75694060
0.77322453 0.77296859
0.75694060 0.77322453
0.77296859 0.77427197
0.77427197 0.77359164
0.76770449 0.78334522
0.77359164 0.76770449
0.78334522 0.67583734
0.67583734 0.74342507
0.74712640 0.30209753
0.74342507 0.74712640
0.30209753 0.39412975
0.00000000 0.00000000
0.89747781 0.33675361
0.00000000 0.89747781
0.33675361 0.67270851
0.67270851 0.74773604
0.76654595 0.79342878
0.74773604 0.76654595
0.79342878 0.73000050
0.73000050 0.70558631
0.72820199 0.77012944
0.70558631 0.72820199
0.77012944 0.77607381
0.77607381 0.77239603
0.74379218 0.52471471
0.77239603 0.74379218
0.52471471 0.39821506
0.00000000 0.00000000
0.89819515 0.33691862
0.00000000 0.89819515
0.33691862 0.67499870
0.67499870 0.75364673
0.79019219 0.79685396
0.75364673 0.79019219
0.79685396 0.73496145
0.73496145 0.76892030
0.71037889 0.76939857
0.76892030 0.71037889
0.76939857 0.78385377
0.78385377 0.78457111
0.76352489 0.39634249
0.78457111 0.76352489
0.39634249 0.38595238
0.90156311 0.36962801
0.66290110 0.59600377
0.36962801 0.66290110
0.59600377 0.71153075
0.71153075 0.25062200
0.74718368 0.76174998
0.25062200 0.74718368
0.76174998 0.76649207
0.76649207 0.74958163
0.14769790 0.64915657
0.74958163 0.14769790
0.64915657 0.63747317
0.63747317 0.30310118
0.35342488 0.60279691
0.30310118 0.35342488
0.60279691 0.00000000
0.91166687 0.32584485
0.70693684 0.75694060
0.32584485 0.70693684
0.75694060 0.77322453
0.77322453 0.77296859
0.77427197 0.77359164
0.77296859 0.77427197
0.77359164 0.76770449
0.76770449 0.78334522
0.67583734 0.74342507
0.78334522 0.67583734
0.74342507 0.74712640
0.74712640 0.30209753
0.39412975 0.37401643
0.30209753 0.39412975
0.37401643 0.00000000
0.89747781 0.33675361
0.67270851 0.74773604
0.33675361 0.67270851
0.74773604 0.76654595
0.76654595 0.79342878
0.73000050 0.70558631
0.79342878 0.73000050
0.70558631 0.72820199
0.72820199 0.77012944
0.77607381 0.77239603
0.77012944 0.77607381
0.77239603 0.74379218
0.74379218 0.52471471
0.39821506 0.40967277
0.52471471 0.39821506
0.40967277 0.00000000
0.89819515 0.33691862
0.67499870 0.75364673
0.33691862 0.67499870
0.75364673 0.79019219
0.79019219 0.79685396
0.73496145 0.76892030
0.79685396 0.73496145
0.76892030 0.71037889
0.71037889 0.76939857
0.78385377 0.78457111
0.76939857 0.78385377
0.78457111 0.76352489
0.76352489 0.39634249
0.38595238 0.34797218
0.39634249 0.38595238
0.34797218 0.00000000
0.66290110 0.59600377
0.71153075 0.25062200
0.00000000 0.00000000
0.91166687 0.32584485
0.74718368 0.76174998
0.76649207 0.74958163
0.70693684 0.75694060
0.77322453 0.77296859
0.14769790 0.64915657
0.63747317 0.30310118
0.77427197 0.77359164
0.76770449 0.78334522
0.35342488 0.60279691
0.00000000 0.00000000
0.67583734 0.74342507
0.74712640 0.30209753
0.70693684 0.75694060
0.77322453 0.77296859
0.00000000 0.00000000
0.89747781 0.33675361
0.77427197 0.77359164
0.76770449 0.78334522
0.67270851 0.74773604
0.76654595 0.79342878
0.67583734 0.74342507
0.74712640 0.30209753
0.73000050 0.70558631
0.72820199 0.77012944
0.39412975 0.37401643
0.00000000 0.00000000
0.77607381 0.77239603
0.74379218 0.52471471
0.67270851 0.74773604
0.76654595 0.79342878
0.00000000 0.00000000
0.89819515 0.33691862
0.73000050 0.70558631
0.72820199 0.77012944
0.67499870 0.75364673
0.79019219 0.79685396
0.77607381 0.77239603
0.74379218 0.52471471
0.73496145 0.76892030
0.71037889 0.76939857
0.39821506 0.40967277
0.00000000 0.00000000
0.78385377 0.78457111
0.76352489 0.39634249
0.67499870 0.75364673
0.79019219 0.79685396
0.00000000 0.00000000
0.90156311 0.31480813
0.73496145 0.76892030
0.71037889 0.76939857
0.62253976 0.69207752
0.72430527 0.74566472
0.78385377 0.78457111
0.76352489 0.39634249
0.75110394 0.68018198
0.74606216 0.74668521
0.38595238 0.34797218
0.00000000 0.00000000
0.75726730 0.74297041
0.73700243 0.27255738
0.00000000 0.91166687
0.32584485 0.70693684
0.91166687 0.32584485
0.70693684 0.75694060
0.75694060 0.77322453
0.77296859 0.77427197
0.77322453 0.77296859
0.77427197 0.77359164
0.77359164 0.76770449
0.78334522 0.67583734
0.76770449 0.78334522
0.67583734 0.74342507
0.74342507 0.74712640
0.30209753 0.39412975
0.74712640 0.30209753
0.39412975 0.37401643
0.00000000 0.89747781
0.33675361 0.67270851
0.89747781 0.33675361
0.67270851 0.74773604
0.74773604 0.76654595
0.79342878 0.73000050
0.76654595 0.79342878
0.73000050 0.70558631
0.70558631 0.72820199
0.77012944 0.77607381
0.72820199 0.77012944
0.77607381 0.77239603
0.77239603 0.74379218
0.52471471 0.39821506
0.74379218 0.52471471
0.39821506 0.40967277
0.00000000 0.89819515
0.33691862 0.67499870
0.89819515 0.33691862
0.67499870 0.75364673
0.75364673 0.79019219
0.79685396 0.73496145
0.79019219 0.79685396
0.73496145 0.76892030
0.76892030 0.71037889
0.76939857 0.78385377
0.71037889 0.76939857
0.78385377 0.78457111
0.78457111 0.76352489
0.39634249 0.38595238
0.76352489 0.39634249
0.38595238 0.34797218
0.00000000 0.90156311
0.31480813 0.62253976
0.90156311 0.31480813
0.62253976 0.69207752
0.69207752 0.72430527
0.74566472 0.75110394
0.72430527 0.74566472
0.75110394 0.68018198
0.68018198 0.74606216
0.74668521 0.75726730
0.74606216 0.74668521
0.75726730 0.74297041
0.74297041 0.73700243
0.27255738 0.37606749
0.73700243 0.27255738
0.37606749 0.71576422
0.32584485 0.70693684
0.75694060 0.77322453
0.70693684 0.75694060
0.77322453 0.77296859
0.77296859 0.77427197
0.77359164 0.76770449
0.77427197 0.77359164
0.76770449 0.78334522
0.78334522 0.67583734
0.74342507 0.74712640
0.67583734 0.74342507
0.74712640 0.30209753
0.30209753 0.39412975
0.37401643 0.00000000
0.39412975 0.37401643
0.00000000 0.00000000
0.33675361 0.67270851
0.74773604 0.76654595
0.67270851 0.74773604
0.76654595 0.79342878
0.79342878 0.73000050
0.70558631 0.72820199
0.73000050 0.70558631
0.72820199 0.77012944
0.77012944 0.77607381
0.77239603 0.74379218
0.77607381 0.77239603
0.74379218 0.52471471
0.52471471 0.39821506
0.40967277 0.00000000
0.39821506 0.40967277
0.00000000 0.00000000
0.33691862 0.67499870
0.75364673 0.79019219
0.67499870 0.75364673
0.79019219 0.79685396
0.79685396 0.73496145
0.76892030 0.71037889
0.73496145 0.76892030
0.71037889 0.76939857
0.76939857 0.78385377
0.78457111 0.76352489
0.78385377 0.78457111
0.76352489 0.39634249
0.39634249 0.38595238
0.34797218 0.00000000
0.38595238 0.34797218
0.00000000 0.00000000
0.31480813 0.62253976
0.69207752 0.72430527
0.62253976 0.69207752
0.72430527 0.74566472
0.74566472 0.75110394
0.68018198 0.74606216
0.75110394 0.68018198
0.74606216 0.74668521
0.74668521 0.75726730
0.74297041 0.73700243
0.75726730 0.74297041
0.73700243 0.27255738
0.27255738 0.37606749
0.71576422 0.00000000
0.37606749 0.71576422
0.00000000 0.00000000
0.00000000 0.00000000
0.89747781 0.33675361
0.00000000 0.89747781
0.33675361 0.67270851
0.67270851 0.74773604
0.76654595 0.79342878
0.74773604 0.76654595
0.79342878 0.73000050
0.73000050 0.70558631
0.72820199 0.77012944
0.70558631 0.72820199
0.77012944 0.77607381
0.77607381 0.77239603
0.74379218 0.52471471
0.77239603 0.74379218
0.52471471 0.39821506
0.00000000 0.00000000
0.89819515 0.33691862
0.00000000 0.89819515
0.33691862 0.67499870
0.67499870 0.75364673
0.79019219 0.79685396
0.75364673 0.79019219
0.79685396 0.73496145
0.73496145 0.76892030
0.71037889 0.76939857
0.76892030 0.71037889
0.76939857 0.78385377
0.78385377 0.78457111
0.76352489 0.39634249
0.78457111 0.76352489
0.39634249 0.38595238
0.00000000 0.00000000
0.90156311 0.31480813
0.00000000 0.90156311
0.31480813 0.62253976
0.62253976 0.69207752
0.72430527 0.74566472
0.69207752 0.72430527
0.74566472 0.75110394
0.75110394 0.68018198
0.74606216 0.74668521
0.68018198 0.74606216
0.74668521 0.75726730
0.75726730 0.74297041
0.73700243 0.27255738
0.74297041 0.73700243
0.27255738 0.37606749
0.00000000 0.00000000
0.89819515 0.32626584
0.00000000 0.89819515
0.32626584 0.57743973
0.57743973 0.63793796
0.68913060 0.59166592
0.63793796 0.68913060
0.59166592 0.48489898
0.48489898 0.55694586
0.49633649 0.48665702
0.55694586 0.49633649
0.48665702 0.70391917
0.70391917 0.72004151
0.67609328 0.29640573
0.72004151 0.67609328
0.29640573 0.43559575
0.89747781 0.33675361
0.67270851 0.74773604
0.33675361 0.67270851
0.74773604 0.76654595
0.76654595 0.79342878
0.73000050 0.70558631
0.79342878 0.73000050
0.70558631 0.72820199
0.72820199 0.77012944
0.77607381 0.77239603
0.77012944 0.77607381
0.77239603 0.74379218
0.74379218 0.52471471
0.39821506 0.40967277
0.52471471 0.39821506
0.40967277 0.00000000
0.89819515 0.33691862
0.67499870 0.75364673
0.33691862 0.67499870
0.75364673 0.79019219
0.79019219 0.79685396
0.73496145 0.76892030
0.79685396 0.73496145
0.76892030 0.71037889
0.71037889 0.76939857
0.78385377 0.78457111
0.76939857 0.78385377
0.78457111 0.76352489
0.76352489 0.39634249
0.38595238 0.34797218
0.39634249 0.38595238
0.34797218 0.00000000
0.90156311 0.31480813
0.62253976 0.69207752
0.31480813 0.62253976
0.69207752 0.72430527
0.72430527 0.74566472
0.75110394 0.68018198
0.74566472 0.75110394
0.68018198 0.74606216
0.74606216 0.74668521
0.75726730 0.74297041
0.74668521 0.75726730
0.74297041 0.73700243
0.73700243 0.27255738
0.37606749 0.71576422
0.27255738 0.37606749
0.71576422 0.00000000
0.89819515 0.32626584
0.57743973 0.63793796
0.32626584 0.57743973
0.63793796 0.68913060
0.68913060 0.59166592
0.48489898 0.55694586
0.59166592 0.48489898
0.55694586 0.49633649
0.49633649 0.48665702
0.70391917 0.72004151
0.48665702 0.70391917
0.72004151 0.67609328
0.67609328 0.29640573
0.43559575 0.88355136
0.29640573 0.43559575
0.88355136 0.00000000
0.67270851 0.74773604
0.76654595 0.79342878
0.00000000 0.00000000
0.89819515 0.33691862
0.73000050 0.70558631
0.72820199 0.77012944
0.67499870 0.75364673
0.79019219 0.79685396
0.77607381 0.77239603
0.74379218 0.52471471
0.73496145 0.76892030
0.71037889 0.76939857
0.39821506 0.40967277
0.00000000 0.00000000
0.78385377 0.78457111
0.76352489 0.39634249
0.67499870 0.75364673
0.79019219 0.79685396
0.00000000 0.00000000
0.90156311 0.31480813
0.73496145 0.76892030
0.71037889 0.76939857
0.62253976 0.69207752
0.72430527 0.74566472
0.78385377 0.78457111
0.76352489 0.39634249
0.75110394 0.68018198
0.74606216 0.74668521
0.38595238 0.34797218
0.00000000 0.00000000
0.75726730 0.74297041
0.73700243 0.27255738
0.62253976 0.69207752
0.72430527 0.74566472
0.00000000 0.00000000
0.89819515 0.32626584
0.75110394 0.68018198
0.74606216 0.74668521
0.57743973 0.63793796
0.68913060 0.59166592
0.75726730 0.74297041
0.73700243 0.27255738
0.48489898 0.55694586
0.49633649 0.48665702
0.37606749 0.71576422
0.00000000 0.00000000
0.70391917 0.72004151
0.67609328 0.29640573
0.57743973 0.63793796
0.68913060 0.59166592
0.00000000 0.00000000
0.90569890 0.90233099
0.48489898 0.55694586
0.49633649 0.48665702
0.24074049 0.56105810
0.61026365 0.69968903
0.70391917 0.72004151
0.67609328 0.29640573
0.72106194 0.72445011
0.69681287 0.67875057
0.43559575 0.88355136
0.00000000 0.00000000
0.63914031 0.68191648
0.54591250 0.33559504
0.00000000 0.89819515
0.33691862 0.67499870
0.89819515 0.33691862
0.67499870 0.75364673
0.75364673 0.79019219
0.79685396 0.73496145
0.79019219 0.79685396
0.73496145 0.76892030
0.76892030 0.71037889
0.76939857 0.78385377
0.71037889 0.76939857
0.78385377 0.78457111
0.78457111 0.76352489
0.39634249 0.38595238
0.76352489 0.39634249
0.38595238 0.34797218
0.00000000 0.90156311
0.31480813 0.62253976
0.90156311 0.31480813
0.62253976 0.69207752
0.69207752 0.72430527
0.74566472 0.75110394
0.72430527 0.74566472
0.75110394 0.68018198
0.68018198 0.74606216
0.74668521 0.75726730
0.74606216 0.74668521
0.75726730 0.74297041
0.74297041 0.73700243
0.27255738 0.37606749
0.73700243 0.27255738
0.37606749 0.71576422
0.00000000 0.89819515
0.32626584 0.57743973
0.89819515 0.32626584
0.57743973 0.63793796
0.63793796 0.68913060
0.59166592 0.48489898
0.68913060 0.59166592
0.48489898 0.55694586
0.55694586 0.49633649
0.48665702 0.70391917
0.49633649 0.48665702
0.70391917 0.72004151
0.72004151 0.67609328
0.29640573 0.43559575
0.67609328 0.29640573
0.43559575 0.88355136
0.00000000 0.90569890
0.90233099 0.24074049
0.90569890 0.90233099
0.24074049 0.56105810
0.56105810 0.61026365
0.69968903 0.72106194
0.61026365 0.69968903
0.72106194 0.72445011
0.72445011 0.69681287
0.67875057 0.63914031
0.69681287 0.67875057
0.63914031 0.68191648
0.68191648 0.54591250
0.33559504 0.43694967
0.54591250 0.33559504
0.43694967 0.89482725
0.33691862 0.67499870
0.75364673 0.79019219
0.67499870 0.75364673
0.79019219 0.79685396
0.79685396 0.73496145
0.76892030 0.71037889
0.73496145 0.76892030
0.71037889 0.76939857
0.76939857 0.78385377
0.78457111 0.76352489
0.78385377 0.78457111
0.76352489 0.39634249
0.39634249 0.38595238
0.34797218 0.00000000
0.38595238 0.34797218
0.00000000 0.00000000
0.31480813 0.62253976
0.69207752 0.72430527
0.62253976 0.69207752
0.72430527 0.74566472
0.74566472 0.75110394
0.68018198 0.74606216
0.75110394 0.68018198
0.74606216 0.74668521
0.74668521 0.75726730
0.74297041 0.73700243
0.75726730 0.74297041
0.73700243 0.27255738
0.27255738 0.37606749
0.71576422 0.00000000
0.37606749 0.71576422
0.00000000 0.00000000
0.32626584 0.57743973
0.63793796 0.68913060
0.57743973 0.63793796
0.68913060 0.59166592
0.59166592 0.48489898
0.55694586 0.49633649
0.48489898 0.55694586
0.49633649 0.48665702
0.48665702 0.70391917
0.72004151 0.67609328
0.70391917 0.72004151
0.67609328 0.29640573
0.29640573 0.43559575
0.88355136 0.00000000
0.43559575 0.88355136
0.00000000 0.00000000
0.90233099 0.24074049
0.56105810 0.61026365
0.24074049 0.56105810
0.61026365 0.69968903
0.69968903 0.72106194
0.72445011 0.69681287
0.72106194 0.72445011
0.69681287 0.67875057
0.67875057 0.63914031
0.68191648 0.54591250
0.63914031 0.68191648
0.54591250 0.33559504
0.33559504 0.43694967
0.89482725 0.00000000
0.43694967 0.89482725
0.00000000 0.00000000
0.00000000 0.00000000
0.90156311 0.31480813
0.00000000 0.90156311
0.31480813 0.62253976
0.62253976 0.69207752
0.72430527 0.74566472
0.69207752 0.72430527
0.74566472 0.75110394
0.75110394 0.68018198
0.74606216 0.74668521
0.68018198 0.74606216
0.74668521 0.75726730
0.75726730 0.74297041
0.73700243 0.27255738
0.74297041 0.73700243
0.27255738 0.37606749
0.00000000 0.00000000
0.89819515 0.32626584
0.00000000 0.89819515
0.32626584 0.57743973
0.57743973 0.63793796
0.68913060 0.59166592
0.63793796 0.68913060
0.59166592 0.48489898
0.48489898 0.55694586
0.49633649 0.48665702
0.55694586 0.49633649
0.48665702 0.70391917
0.70391917 0.72004151
0.67609328 0.29640573
0.72004151 0.67609328
0.29640573 0.43559575
0.00000000 0.00000000
0.90569890 0.90233099
0.00000000 0.90569890
0.90233099 0.24074049
0.24074049 0.56105810
0.61026365 0.69968903
0.56105810 0.61026365
0.69968903 0.72106194
0.72106194 0.72445011
0.69681287 0.67875057
0.72445011 0.69681287
0.67875057 0.63914031
0.63914031 0.68191648
0.54591250 0.33559504
0.68191648 0.54591250
0.33559504 0.43694967
0.00000000 0.00000000
0.90156311 0.90156311
0.00000000 0.90156311
0.90156311 0.34557760
0.34557760 0.16684799
0.47244099 0.58419579
0.16684799 0.47244099
0.58419579 0.70325905
0.70325905 0.73195386
0.71958345 0.66811800
0.73195386 0.71958345
0.66811800 0.55553132
0.55553132 0.44322413
0.07229993 0.30597740
0.44322413 0.07229993
0.30597740 0.36587614
0.90156311 0.31480813
0.62253976 0.69207752
0.31480813 0.62253976
0.69207752 0.72430527
0.72430527 0.74566472
0.75110394 0.68018198
0.74566472 0.75110394
0.68018198 0.74606216
0.74606216 0.74668521
0.75726730 0.74297041
0.74668521 0.75726730
0.74297041 0.73700243
0.73700243 0.27255738
0.37606749 0.71576422
0.27255738 0.37606749
0.71576422 0.00000000
0.89819515 0.32626584
0.57743973 0.63793796
0.32626584 0.57743973
0.63793796 0.68913060
0.68913060 0.59166592
0.48489898 0.55694586
0.59166592 0.48489898
0.55694586 0.49633649
0.49633649 0.48665702
0.70391917 0.72004151
0.48665702 0.70391917
0.72004151 0.67609328
0.67609328 0.29640573
0.43559575 0.88355136
0.29640573 0.43559575
0.88355136 0.00000000
0.90569890 0.90233099
0.24074049 0.56105810
0.90233099 0.24074049
0.56105810 0.61026365
0.61026365 0.69968903
0.72106194 0.72445011
0.69968903 0.72106194
0.72445011 0.69681287
0.69681287 0.67875057
0.63914031 0.68191648
0.67875057 0.63914031
0.68191648 0.54591250
0.54591250 0.33559504
0.43694967 0.89482725
0.33559504 0.43694967
0.89482725 0.00000000
0.90156311 0.90156311
0.34557760 0.16684799
0.90156311 0.34557760
0.16684799 0.47244099
0.47244099 0.58419579
0.70325905 0.73195386
0.58419579 0.70325905
0.73195386 0.71958345
0.71958345 0.66811800
0.55553132 0.44322413
0.66811800 0.55553132
0.44322413 0.07229993
0.07229993 0.30597740
0.36587614 0.88809133
0.30597740 0.36587614
0.88809133 0.00000000
0.62253976 0.69207752
0.72430527 0.74566472
0.00000000 0.00000000
0.00000000 0.00000000
0.75110394 0.68018198
0.74606216 0.74668521
0.00000000 0.00000000
0.00000000 0.00000000
0.75726730 0.74297041
0.73700243 0.27255738
0.00000000 0.00000000
0.00000000 0.00000000
0.37606749 0.71576422
0.00000000 0.00000000
0.00000000 0.00000000
0.00000000 0.00000000
0.57743973 0.63793796
0.68913060 0.59166592
0.00000000 0.00000000
0.00000000 0.00000000
0.48489898 0.55694586
0.49633649 0.48665702
0.00000000 0.00000000
0.00000000 0.00000000
0.70391917 0.72004151
0.67609328 0.29640573
0.00000000 0.00000000
0.00000000 0.00000000
0.43559575 0.88355136
0.00000000 0.00000000
0.00000000 0.00000000
0.00000000 0.00000000
0.24074049 0.56105810
0.61026365 0.69968903
0.00000000 0.00000000
0.00000000 0.00000000
0.72106194 0.72445011
0.69681287 0.67875057
0.00000000 0.00000000
0.00000000 0.00000000
0.63914031 0.68191648
0.54591250 0.33559504
0.00000000 0.00000000
0.00000000 0.00000000
0.43694967 0.89482725
0.00000000 0.00000000
0.00000000 0.00000000
0.00000000 0.00000000
0.34557760 0.16684799
0.47244099 0.58419579
0.00000000 0.00000000
0.00000000 0.00000000
0.70325905 0.73195386
0.71958345 0.66811800
0.00000000 0.00000000
0.00000000 0.00000000
0.55553132 0.44322413
0.07229993 0.30597740
0.00000000 0.00000000
0.00000000 0.00000000
0.36587614 0.88809133
0.00000000 0.00000000
0.00000000 0.00000000
0.00000000 0.00000000
0.00000000 0.00000000
0.00000000 0.00000000
0.00000000 0.00000000
0.00000000 0.00000000
0.00000000 0.00000000
0.00000000 0.00000000
0.00000000 0.00000000
0.00000000 0.00000000
0.00000000 0.00000000
0.00000000 0.00000000
0.00000000 0.00000000
0.00000000 0.00000000
0.00000000 0.00000000
0.00000000 0.00000000
0.00000000 0.00000000
0.00000000 0.00000000
0.00000000 0.00000000
0.00000000 0.00000000
0.00000000 0.00000000
0.00000000 0.00000000
0.00000000 0.00000000
0.00000000 0.00000000
0.00000000 0.00000000
0.00000000 0.00000000
0.00000000 0.00000000
0.00000000 0.00000000
0.00000000 0.00000000
0.00000000 0.00000000
0.00000000 0.00000000
0.00000000 0.00000000
0.00000000 0.00000000
0.00000000 0.00000000
0.00000000 0.00000000
0.00000000 0.00000000
0.00000000 0.00000000
0.00000000 0.00000000
0.00000000 0.00000000
0.00000000 0.00000000
0.00000000 0.00000000
0.00000000 0.00000000
0.00000000 0.00000000
0.00000000 0.00000000
0.00000000 0.00000000
0.00000000 0.00000000
0.00000000 0.00000000
0.00000000 0.00000000
0.00000000 0.00000000
0.00000000 0.00000000
0.00000000 0.00000000
0.00000000 0.00000000
0.00000000 0.00000000
0.00000000 0.00000000
0.00000000 0.00000000
0.00000000 0.00000000
0.00000000 0.00000000
0.00000000 0.00000000
0.00000000 0.00000000
0.00000000 0.00000000
0.00000000 0.00000000
0.00000000 0.00000000
0.00000000 0.00000000
0.00000000 0.00000000
0.00000000 0.00000000
0.00000000 0.00000000
0.00000000 0.00000000
0.00000000 0.00000000
0.00000000 0.00000000
0.00000000 0.00000000
0.00000000 0.00000000
0.00000000 0.00000000
0.00000000 0.00000000
0.00000000 0.00000000
0.00000000 0.00000000
0.00000000 0.00000000
0.00000000 0.00000000
0.00000000 0.00000000
0.00000000 0.00000000
0.00000000 0.00000000
0.00000000 0.00000000
0.00000000 0.00000000
0.00000000 0.00000000
0.00000000 0.00000000
0.00000000 0.00000000
0.00000000 0.00000000
0.00000000 0.00000000
0.00000000 0.00000000
0.00000000 0.00000000
0.00000000 0.00000000
0.00000000 0.00000000
0.00000000 0.00000000
0.00000000 0.00000000
0.00000000 0.00000000
0.00000000 0.00000000
0.00000000 0.00000000
0.00000000 0.00000000
0.00000000 0.00000000
0.00000000 0.00000000
0.00000000 0.00000000
0.00000000 0.00000000
0.00000000 0.00000000
0.00000000 0.00000000
0.00000000 0.00000000
0.00000000 0.00000000
0.00000000 0.00000000
0.00000000 0.00000000
0.00000000 0.00000000
0.00000000 0.00000000
0.00000000 0.00000000
0.00000000 0.00000000
0.00000000 0.00000000
0.00000000 0.00000000
0.00000000 0.00000000
0.00000000 0.00000000
0.00000000 0.00000000
0.00000000 0.00000000
0.00000000 0.00000000
0.00000000 0.00000000
0.00000000 0.00000000
0.00000000 0.00000000
0.00000000 0.00000000
0.00000000 0.00000000
0.00000000 0.00000000
0.00000000 0.00000000
0.00000000 0.00000000
0.00000000 0.00000000
0.00000000 0.00000000
0.00000000 0.00000000
0.00000000 0.00000000
0.00000000 0.00000000
0.00000000 0.00000000
0.00000000 0.00000000
0.00000000 0.00000000
0.00000000 0.00000000
0.00000000 0.00000000
0.00000000 0.00000000
0.00000000 0.00000000
0.00000000 0.00000000
0.00000000 0.00000000
0.00000000 0.00000000
0.00000000 0.00000000
0.00000000 0.00000000
0.00000000 0.00000000
0.00000000 0.00000000
0.00000000 0.00000000
0.00000000 0.00000000
0.00000000 0.00000000
0.00000000 0.00000000
0.00000000 0.00000000
0.00000000 0.00000000
0.00000000 0.00000000
0.00000000 0.00000000
0.00000000 0.00000000
0.00000000 0.00000000
0.00000000 0.00000000
0.00000000 0.00000000
0.00000000 0.00000000
0.00000000 0.00000000
0.00000000 0.00000000
0.00000000 0.00000000
0.00000000 0.00000000
0.00000000 0.00000000
0.00000000 0.00000000
0.00000000 0.00000000
0.00000000 0.00000000
0.00000000 0.00000000
0.00000000 0.00000000
0.00000000 0.00000000
0.00000000 0.00000000
0.00000000 0.00000000
0.00000000 0.00000000
0.00000000 0.00000000
0.00000000 0.00000000
0.00000000 0.00000000
0.00000000 0.00000000
0.00000000 0.00000000
0.00000000 0.00000000
0.00000000 0.00000000
0.00000000 0.00000000
0.00000000 0.00000000
0.00000000 0.00000000
0.00000000 0.00000000
0.00000000 0.00000000
0.00000000 0.00000000
0.00000000 0.00000000
0.00000000 0.00000000
0.00000000 0.00000000
0.00000000 0.00000000
0.00000000 0.00000000
0.00000000 0.00000000
0.00000000 0.00000000
0.00000000 0.00000000
0.00000000 0.00000000
0.00000000 0.00000000
0.90156311 0.36962801
0.00000000 0.90156311
0.36962801 0.66290110
0.66290110 0.59600377
0.71153075 0.25062200
0.59600377 0.71153075
0.25062200 0.74718368
0.74718368 0.76174998
0.76649207 0.74958163
0.76174998 0.76649207
0.74958163 0.14769790
0.14769790 0.64915657
0.63747317 0.30310118
0.64915657 0.63747317
0.30310118 0.35342488
0.00000000 0.00000000
0.91166687 0.32584485
0.00000000 0.91166687
0.32584485 0.70693684
0.70693684 0.75694060
0.77322453 0.77296859
0.75694060 0.77322453
0.77296859 0.77427197
0.77427197 0.77359164
0.76770449 0.78334522
0.77359164 0.76770449
0.78334522 0.67583734
0.67583734 0.74342507
0.74712640 0.30209753
0.74342507 0.74712640
0.30209753 0.39412975
0.00000000 0.00000000
0.89747781 0.33675361
0.00000000 0.89747781
0.33675361 0.67270851
0.67270851 0.74773604
0.76654595 0.79342878
0.74773604 0.76654595
0.79342878 0.73000050
0.73000050 0.70558631
0.72820199 0.77012944
0.70558631 0.72820199
0.77012944 0.77607381
0.77607381 0.77239603
0.74379218 0.52471471
0.77239603 0.74379218
0.52471471 0.39821506
0.00000000 0.00000000
0.89819515 0.33691862
0.00000000 0.89819515
0.33691862 0.67499870
0.67499870 0.75364673
0.79019219 0.79685396
0.75364673 0.79019219
0.79685396 0.73496145
0.73496145 0.76892030
0.71037889 0.76939857
0.76892030 0.71037889
0.76939857 0.78385377
0.78385377 0.78457111
0.76352489 0.39634249
0.78457111 0.76352489
0.39634249 0.38595238
0.90156311 0.36962801
0.66290110 0.59600377
0.36962801 0.66290110
0.59600377 0.71153075
0.71153075 0.25062200
0.74718368 0.76174998
0.25062200 0.74718368
0.76174998 0.76649207
0.76649207 0.74958163
0.14769790 0.64915657
0.74958163 0.14769790
0.64915657 0.63747317
0.63747317 0.30310118
0.35342488 0.60279691
0.30310118 0.35342488
0.60279691 0.00000000
0.91166687 0.32584485
0.70693684 0.75694060
0.32584485 0.70693684
0.75694060 0.77322453
0.77322453 0.77296859
0.77427197 0.77359164
0.77296859 0.77427197
0.77359164 0.76770449
0.76770449 0.78334522
0.67583734 0.74342507
0.78334522 0.67583734
0.74342507 0.74712640
0.74712640 0.30209753
0.39412975 0.37401643
0.30209753 0.39412975
0.37401643 0.00000000
0.89747781 0.33675361
0.67270851 0.74773604
0.33675361 0.67270851
0.74773604 0.76654595
0.76654595 0.79342878
0.73000050 0.70558631
0.79342878 0.73000050
0.70558631 0.72820199
0.72820199 0.77012944
0.77607381 0.77239603
0.77012944 0.77607381
0.77239603 0.74379218
0.74379218 0.52471471
0.39821506 0.40967277
0.52471471 0.39821506
0.40967277 0.00000000
0.89819515 0.33691862
0.67499870 0.75364673
0.33691862 0.67499870
0.75364673 0.79019219
0.79019219 0.79685396
0.73496145 0.76892030
0.79685396 0.73496145
0.76892030 0.71037889
0.71037889 0.76939857
0.78385377 0.78457111
0.76939857 0.78385377
0.78457111 0.76352489
0.76352489 0.39634249
0.38595238 0.34797218
0.39634249 0.38595238
0.34797218 0.00000000
0.66290110 0.59600377
0.71153075 0.25062200
0.00000000 0.00000000
0.91166687 0.32584485
0.74718368 0.76174998
0.76649207 0.74958163
0.70693684 0.75694060
0.77322453 0.77296859
0.14769790 0.64915657
0.63747317 0.30310118
0.77427197 0.77359164
0.76770449 0.78334522
0.35342488 0.60279691
0.00000000 0.00000000
0.67583734 0.74342507
0.74712640 0.30209753
0.70693684 0.75694060
0.77322453 0.77296859
0.00000000 0.00000000
0.89747781 0.33675361
0.77427197 0.77359164
0.76770449 0.78334522
0.67270851 0.74773604
0.76654595 0.79342878
0.67583734 0.74342507
0.74712640 0.30209753
0.73000050 0.70558631
0.72820199 0.77012944
0.39412975 0.37401643
0.00000000 0.00000000
0.77607381 0.77239603
0.74379218 0.52471471
0.67270851 0.74773604
0.76654595 0.79342878
0.00000000 0.00000000
0.89819515 0.33691862
0.73000050 0.70558631
0.72820199 0.77012944
0.67499870 0.75364673
0.79019219 0.79685396
0.77607381 0.77239603
0.74379218 0.52471471
0.73496145 0.76892030
0.71037889 0.76939857
0.39821506 0.40967277
0.00000000 0.00000000
0.78385377 0.78457111
0.76352489 0.39634249
0.67499870 0.75364673
0.79019219 0.79685396
0.00000000 0.00000000
0.90156311 0.31480813
0.73496145 0.76892030
0.71037889 0.76939857
0.62253976 0.69207752
0.72430527 0.74566472
0.78385377 0.78457111
0.76352489 0.39634249
0.75110394 0.68018198
0.74606216 0.74668521
0.38595238 0.34797218
0.00000000 0.00000000
0.75726730 0.74297041
0.73700243 0.27255738
0.00000000 0.91166687
0.32584485 0.70693684
0.91166687 0.32584485
0.70693684 0.75694060
0.75694060 0.77322453
0.77296859 0.77427197
0.77322453 0.77296859
0.77427197 0.77359164
0.77359164 0.76770449
0.78334522 0.67583734
0.76770449 0.78334522
0.67583734 0.74342507
0.74342507 0.74712640
0.30209753 0.39412975
0.74712640 0.30209753
0.39412975 0.37401643
0.00000000 0.89747781
0.33675361 0.67270851
0.89747781 0.33675361
0.67270851 0.74773604
0.74773604 0.76654595
0.79342878 0.73000050
0.76654595 0.79342878
0.73000050 0.70558631
0.70558631 0.72820199
0.77012944 0.77607381
0.72820199 0.77012944
0.77607381 0.77239603
0.77239603 0.74379218
0.52471471 0.39821506
0.74379218 0.52471471
0.39821506 0.40967277
0.00000000 0.89819515
0.33691862 0.67499870
0.89819515 0.33691862
0.67499870 0.75364673
0.75364673 0.79019219
0.79685396 0.73496145
0.79019219 0.79685396
0.73496145 0.76892030
0.76892030 0.71037889
0.76939857 0.78385377
0.71037889 0.76939857
0.78385377 0.78457111
0.78457111 0.76352489
0.39634249 0.38595238
0.76352489 0.39634249
0.38595238 0.34797218
0.00000000 0.90156311
0.31480813 0.62253976
0.90156311 0.31480813
0.62253976 0.69207752
0.69207752 0.72430527
0.74566472 0.75110394
0.72430527 0.74566472
0.75110394 0.68018198
0.68018198 0.74606216
0.74668521 0.75726730
0.74606216 0.74668521
0.75726730 0.74297041
0.74297041 0.73700243
0.27255738 0.37606749
0.73700243 0.27255738
0.37606749 0.71576422
0.32584485 0.70693684
0.75694060 0.77322453
0.70693684 0.75694060
0.77322453 0.77296859
0.77296859 0.77427197
0.77359164 0.76770449
0.77427197 0.77359164
0.76770449 0.78334522
0.78334522 0.67583734
0.74342507 0.74712640
0.67583734 0.74342507
0.74712640 0.30209753
0.30209753 0.39412975
0.37401643 0.00000000
0.39412975 0.37401643
0.00000000 0.00000000
0.33675361 0.67270851
0.74773604 0.76654595
0.67270851 0.74773604
0.76654595 0.79342878
0.79342878 0.73000050
0.70558631 0.72820199
0.73000050 0.70558631
0.72820199 0.77012944
0.77012944 0.77607381
0.77239603 0.74379218
0.77607381 0.77239603
0.74379218 0.52471471
0.52471471 0.39821506
0.40967277 0.00000000
0.39821506 0.40967277
0.00000000 0.00000000
0.33691862 0.67499870
0.75364673 0.79019219
0.67499870 0.75364673
0.79019219 0.79685396
0.79685396 0.73496145
0.76892030 0.71037889
0.73496145 0.76892030
0.71037889 0.76939857
0.76939857 0.78385377
0.78457111 0.76352489
0.78385377 0.78457111
0.76352489 0.39634249
0.39634249 0.38595238
0.34797218 0.00000000
0.38595238 0.34797218
0.00000000 0.00000000
0.31480813 0.62253976
0.69207752 0.72430527
0.62253976 0.69207752
0.72430527 0.74566472
0.74566472 0.75110394
0.68018198 0.74606216
0.75110394 0.68018198
0.74606216 0.74668521
0.74668521 0.75726730
0.74297041 0.73700243
0.75726730 0.74297041
0.73700243 0.27255738
0.27255738 0.37606749
0.71576422 0.00000000
0.37606749 0.71576422
0.00000000 0.00000000
0.00000000 0.00000000
0.89747781 0.33675361
0.00000000 0.89747781
0.33675361 0.67270851
0.67270851 0.74773604
0.76654595 0.79342878
0.74773604 0.76654595
0.79342878 0.73000050
0.73000050 0.70558631
0.72820199 0.77012944
0.70558631 0.72820199
0.77012944 0.77607381
0.77607381 0.77239603
0.74379218 0.52471471
0.77239603 0.74379218
0.52471471 0.39821506
0.00000000 0.00000000
0.89819515 0.33691862
0.00000000 0.89819515
0.33691862 0.67499870
0.67499870 0.75364673
0.79019219 0.79685396
0.75364673 0.79019219
0.79685396 0.73496145
0.73496145 0.76892030
0.71037889 0.76939857
0.76892030 0.71037889
0.76939857 0.78385377
0.78385377 0.78457111
0.76352489 0.39634249
0.78457111 0.76352489
0.39634249 0.38595238
0.00000000 0.00000000
0.90156311 0.31480813
0.00000000 0.90156311
0.31480813 0.62253976
0.62253976 0.69207752
0.72430527 0.74566472
0.69207752 0.72430527
0.74566472 0.75110394
0.75110394 0.68018198
0.74606216 0.74668521
0.68018198 0.74606216
0.74668521 0.75726730
0.75726730 0.74297041
0.73700243 0.27255738
0.74297041 0.73700243
0.27255738 0.37606749
0.00000000 0.00000000
0.89819515 0.32626584
0.00000000 0.89819515
0.32626584 0.57743973
0.57743973 0.63793796
0.68913060 0.59166592
0.63793796 0.68913060
0.59166592 0.48489898
0.48489898 0.55694586
0.49633649 0.48665702
0.55694586 0.49633649
0.48665702 0.70391917
0.70391917 0.72004151
0.67609328 0.29640573
0.72004151 0.67609328
0.29640573 0.43559575
0.89747781 0.33675361
0.67270851 0.74773604
0.33675361 0.67270851
0.74773604 0.76654595
0.76654595 0.79342878
0.73000050 0.70558631
0.79342878 0.73000050
0.70558631 0.72820199
0.72820199 0.77012944
0.77607381 0.77239603
0.77012944 0.77607381
0.77239603 0.74379218
0.74379218 0.52471471
0.39821506 0.40967277
0.52471471 0.39821506
0.40967277 0.00000000
0.89819515 0.33691862
0.67499870 0.75364673
0.33691862 0.67499870
0.75364673 0.79019219
0.79019219 0.79685396
0.73496145 0.76892030
0.79685396 0.73496145
0.76892030 0.71037889
0.71037889 0.76939857
0.78385377 0.78457111
0.76939857 0.78385377
0.78457111 0.76352489
0.76352489 0.39634249
0.38595238 0.34797218
0.39634249 0.38595238
0.34797218 0.00000000
0.90156311 0.31480813
0.62253976 0.69207752
0.31480813 0.62253976
0.69207752 0.72430527
0.72430527 0.74566472
0.75110394 0.68018198
0.74566472 0.75110394
0.68018198 0.74606216
0.74606216 0.74668521
0.75726730 0.74297041
0.74668521 0.75726730
0.74297041 0.73700243
0.73700243 0.27255738
0.37606749 0.71576422
0.27255738 0.37606749
0.71576422 0.00000000
0.89819515 0.32626584
0.57743973 0.63793796
0.32626584 0.57743973
0.63793796 0.68913060
0.68913060 0.59166592
0.48489898 0.55694586
0.59166592 0.48489898
0.55694586 0.49633649
0.49633649 0.48665702
0.70391917 0.72004151
0.48665702 0.70391917
0.72004151 0.67609328
0.67609328 0.29640573
0.43559575 0.88355136
0.29640573 0.43559575
0.88355136 0.00000000
0.67270851 0.74773604
0.76654595 0.79342878
0.00000000 0.00000000
0.89819515 0.33691862
0.73000050 0.70558631
0.72820199 0.77012944
0.67499870 0.75364673
0.79019219 0.79685396
0.77607381 0.77239603
0.74379218 0.52471471
0.73496145 0.76892030
0.71037889 0.76939857
0.39821506 0.40967277
0.00000000 0.00000000
0.78385377 0.78457111
0.76352489 0.39634249
0.67499870 0.75364673
0.79019219 0.79685396
0.00000000 0.00000000
0.90156311 0.31480813
0.73496145 0.76892030
0.71037889 0.76939857
0.62253976 0.69207752
0.72430527 0.74566472
0.78385377 0.78457111
0.76352489 0.39634249
0.75110394 0.68018198
0.74606216 0.74668521
0.38595238 0.34797218
0.00000000 0.00000000
0.75726730 0.74297041
0.73700243 0.27255738
0.62253976 0.69207752
0.72430527 0.74566472
0.00000000 0.00000000
0.89819515 0.32626584
0.75110394 0.68018198
0.74606216 0.74668521
0.57743973 0.63793796
0.68913060 0.59166592
0.75726730 0.74297041
0.73700243 0.27255738
0.48489898 0.55694586
0.49633649 0.48665702
0.37606749 0.71576422
0.00000000 0.00000000
0.70391917 0.72004151
0.67609328 0.29640573
0.57743973 0.63793796
0.68913060 0.59166592
0.00000000 0.00000000
0.90569890 0.90233099
0.48489898 0.55694586
0.49633649 0.48665702
0.24074049 0.56105810
0.61026365 0.69968903
0.70391917 0.72004151
0.67609328 0.29640573
0.72106194 0.72445011
0.69681287 0.67875057
0.43559575 0.88355136
0.00000000 0.00000000
0.63914031 0.68191648
0.54591250 0.33559504
0.00000000 0.89819515
0.33691862 0.67499870
0.89819515 0.33691862
0.67499870 0.75364673
0.75364673 0.79019219
0.79685396 0.73496145
0.79019219 0.79685396
0.73496145 0.76892030
0.76892030 0.71037889
0.76939857 0.78385377
0.71037889 0.76939857
0.78385377 0.78457111
0.78457111 0.76352489
0.39634249 0.38595238
0.76352489 0.39634249
0.38595238 0.34797218
0.00000000 0.90156311
0.31480813 0.62253976
0.90156311 0.31480813
0.62253976 0.69207752
0.69207752 0.72430527
0.74566472 0.75110394
0.72430527 0.74566472
0.75110394 0.68018198
0.68018198 0.74606216
0.74668521 0.75726730
0.74606216 0.74668521
0.75726730 0.74297041
0.74297041 0.73700243
0.27255738 0.37606749
0.73700243 0.27255738
0.37606749 0.71576422
0.00000000 0.89819515
0.32626584 0.57743973
0.89819515 0.32626584
0.57743973 0.63793796
0.63793796 0.68913060
0.59166592 0.48489898
0.68913060 0.59166592
0.48489898 0.55694586
0.55694586 0.49633649
0.48665702 0.70391917
0.49633649 0.48665702
0.70391917 0.72004151
0.72004151 0.67609328
0.29640573 0.43559575
0.67609328 0.29640573
0.43559575 0.88355136
0.00000000 0.90569890
0.90233099 0.24074049
0.90569890 0.90233099
0.24074049 0.56105810
0.56105810 0.61026365
0.69968903 0.72106194
0.61026365 0.69968903
0.72106194 0.72445011
0.72445011 0.69681287
0.67875057 0.63914031
0.69681287 0.67875057
0.63914031 0.68191648
0.68191648 0.54591250
0.33559504 0.43694967
0.54591250 0.33559504
0.43694967 0.89482725
0.33691862 0.67499870
0.75364673 0.79019219
0.67499870 0.75364673
0.79019219 0.79685396
0.79685396 0.73496145
0.76892030 0.71037889
0.73496145 0.76892030
0.71037889 0.76939857
0.76939857 0.78385377
0.78457111 0.76352489
0.78385377 0.78457111
0.76352489 0.39634249
0.39634249 0.38595238
0.34797218 0.00000000
0.38595238 0.34797218
0.00000000 0.00000000
0.31480813 0.62253976
0.69207752 0.72430527
0.62253976 0.69207752
0.72430527 0.74566472
0.74566472 0.75110394
0.68018198 0.74606216
0.75110394 0.68018198
0.74606216 0.74668521
0.74668521 0.75726730
0.74297041 0.73700243
0.75726730 0.74297041
0.73700243 0.27255738
0.27255738 0.37606749
0.71576422 0.00000000
0.37606749 0.71576422
0.00000000 0.00000000
0.32626584 0.57743973
0.63793796 0.68913060
0.57743973 0.63793796
0.68913060 0.59166592
0.59166592 0.48489898
0.55694586 0.49633649
0.48489898 0.55694586
0.49633649 0.48665702
0.48665702 0.70391917
0.72004151 0.67609328
0.70391917 0.72004151
0.67609328 0.29640573
0.29640573 0.43559575
0.88355136 0.00000000
0.43559575 0.88355136
0.00000000 0.00000000
0.90233099 0.24074049
0.56105810 0.61026365
0.24074049 0.56105810
0.61026365 0.69968903
0.69968903 0.72106194
0.72445011 0.69681287
0.72106194 0.72445011
0.69681287 0.67875057
0.67875057 0.63914031
0.68191648 0.54591250
0.63914031 0.68191648
0.54591250 0.33559504
0.33559504 0.43694967
0.89482725 0.00000000
0.43694967 0.89482725
0.00000000 0.00000000
0.00000000 0.00000000
0.90156311 0.31480813
0.00000000 0.90156311
0.31480813 0.62253976
0.62253976 0.69207752
0.72430527 0.74566472
0.69207752 0.72430527
0.74566472 0.75110394
0.75110394 0.68018198
0.74606216 0.74668521
0.68018198 0.74606216
0.74668521 0.75726730
0.75726730 0.74297041
0.73700243 0.27255738
0.74297041 0.73700243
0.27255738 0.37606749
0.00000000 0.00000000
0.89819515 0.32626584
0.00000000 0.89819515
0.32626584 0.57743973
0.57743973 0.63793796
0.68913060 0.59166592
0.63793796 0.68913060
0.59166592 0.48489898
0.48489898 0.55694586
0.49633649 0.48665702
0.55694586 0.49633649
0.48665702 0.70391917
0.70391917 0.72004151
0.67609328 0.29640573
0.72004151 0.67609328
0.29640573 0.43559575
0.00000000 0.00000000
0.90569890 0.90233099
0.00000000 0.90569890
0.90233099 0.24074049
0.24074049 0.56105810
0.61026365 0.69968903
0.56105810 0.61026365
0.69968903 0.72106194
0.72106194 0.72445011
0.69681287 0.67875057
0.72445011 0.69681287
0.67875057 0.63914031
0.63914031 0.68191648
0.54591250 0.33559504
0.68191648 0.54591250
0.33559504 0.43694967
0.00000000 0.00000000
0.90156311 0.90156311
0.00000000 0.90156311
0.90156311 0.34557760
0.34557760 0.16684799
0.47244099 0.58419579
0.16684799 0.47244099
0.58419579 0.70325905
0.70325905 0.73195386
0.71958345 0.66811800
0.73195386 0.71958345
0.66811800 0.55553132
0.55553132 0.44322413
0.07229993 0.30597740
0.44322413 0.07229993
0.30597740 0.36587614
0.90156311 0.31480813
0.62253976 0.69207752
0.31480813 0.62253976
0.69207752 0.72430527
0.72430527 0.74566472
0.75110394 0.68018198
0.74566472 0.75110394
0.68018198 0.74606216
0.74606216 0.74668521
0.75726730 0.74297041
0.74668521 0.75726730
0.74297041 0.73700243
0.73700243 0.27255738
0.37606749 0.71576422
0.27255738 0.37606749
0.71576422 0.00000000
0.89819515 0.32626584
0.57743973 0.63793796
0.32626584 0.57743973
0.63793796 0.68913060
0.68913060 0.59166592
0.48489898 0.55694586
0.59166592 0.48489898
0.55694586 0.49633649
0.49633649 0.48665702
0.70391917 0.72004151
0.48665702 0.70391917
0.72004151 0.67609328
0.67609328 0.29640573
0.43559575 0.88355136
0.29640573 0.43559575
0.88355136 0.00000000
0.90569890 0.90233099
0.24074049 0.56105810
0.90233099 0.24074049
0.56105810 0.61026365
0.61026365 0.69968903
0.72106194 0.72445011
0.69968903 0.72106194
0.72445011 0.69681287
0.69681287 0.67875057
0.63914031 0.68191648
0.67875057 0.63914031
0.68191648 0.54591250
0.54591250 0.33559504
0.43694967 0.89482725
0.33559504 0.43694967
0.89482725 0.00000000
0.90156311 0.90156311
0.34557760 0.16684799
0.90156311 0.34557760
0.16684799 0.47244099
0.47244099 0.58419579
0.70325905 0.73195386
0.58419579 0.70325905
0.73195386 0.71958345
0.71958345 0.66811800
0.55553132 0.44322413
0.66811800 0.55553132
0.44322413 0.07229993
0.07229993 0.30597740
0.36587614 0.88809133
0.30597740 0.36587614
0.88809133 0.00000000
0.62253976 0.69207752
0.72430527 0.74566472
0.00000000 0.00000000
0.00000000 0.00000000
0.75110394 0.68018198
0.74606216 0.74668521
0.00000000 0.00000000
0.00000000 0.00000000
0.75726730 0.74297041
0.73700243 0.27255738
0.00000000 0.00000000
0.00000000 0.00000000
0.37606749 0.71576422
0.00000000 0.00000000
0.00000000 0.00000000
0.00000000 0.00000000
0.57743973 0.63793796
0.68913060 0.59166592
0.00000000 0.00000000
0.00000000 0.00000000
0.48489898 0.55694586
0.49633649 0.48665702
0.00000000 0.00000000
0.00000000 0.00000000
0.70391917 0.72004151
0.67609328 0.29640573
0.00000000 0.00000000
0.00000000 0.00000000
0.43559575 0.88355136
0.00000000 0.00000000
0.00000000 0.00000000
0.00000000 0.00000000
0.24074049 0.56105810
0.61026365 0.69968903
0.00000000 0.00000000
0.00000000 0.00000000
0.72106194 0.72445011
0.69681287 0.67875057
0.00000000 0.00000000
0.00000000 0.00000000
0.63914031 0.68191648
0.54591250 0.33559504
0.00000000 0.00000000
0.00000000 0.00000000
0.43694967 0.89482725
0.00000000 0.00000000
0.00000000 0.00000000
0.00000000 0.00000000
0.34557760 0.16684799
0.47244099 0.58419579
0.00000000 0.00000000
0.00000000 0.00000000
0.70325905 0.73195386
0.71958345 0.66811800
0.00000000 0.00000000
0.00000000 0.00000000
0.55553132 0.44322413
0.07229993 0.30597740
0.00000000 0.00000000
0.00000000 0.00000000
0.36587614 0.88809133
0.00000000 0.00000000
0.00000000 0.00000000
0.00000000 0.00000000
0.00000000 0.00000000
0.00000000 0.00000000
0.00000000 0.00000000
0.00000000 0.00000000
0.00000000 0.00000000
0.00000000 0.00000000
0.00000000 0.00000000
0.00000000 0.00000000
0.00000000 0.00000000
0.00000000 0.00000000
0.00000000 0.00000000
0.00000000 0.00000000
0.00000000 0.00000000
0.00000000 0.00000000
0.00000000 0.00000000
0.00000000 0.00000000
0.00000000 0.00000000
0.00000000 0.00000000
0.00000000 0.00000000
0.00000000 0.00000000
0.00000000 0.00000000
0.00000000 0.00000000
0.00000000 0.00000000
0.00000000 0.00000000
0.00000000 0.00000000
0.00000000 0.00000000
0.00000000 0.00000000
0.00000000 0.00000000
0.00000000 0.00000000
0.00000000 0.00000000
0.00000000 0.00000000
0.00000000 0.00000000
0.00000000 0.00000000
0.00000000 0.00000000
0.00000000 0.00000000
0.00000000 0.00000000
0.00000000 0.00000000
0.00000000 0.00000000
0.00000000 0.00000000
0.00000000 0.00000000
0.00000000 0.00000000
0.00000000 0.00000000
0.00000000 0.00000000
0.00000000 0.00000000
0.00000000 0.00000000
0.00000000 0.00000000
0.00000000 0.00000000
0.00000000 0.00000000
0.00000000 0.00000000
0.00000000 0.00000000
0.00000000 0.00000000
0.00000000 0.00000000
0.00000000 0.00000000
0.00000000 0.00000000
0.00000000 0.00000000
0.00000000 0.00000000
0.00000000 0.00000000
0.00000000 0.00000000
0.00000000 0.00000000
0.00000000 0.00000000
0.00000000 0.00000000
0.00000000 0.00000000
0.00000000 0.00000000
0.00000000 0.00000000
0.00000000 0.00000000
0.00000000 0.00000000
0.00000000 0.00000000
0.00000000 0.00000000
0.00000000 0.00000000
0.00000000 0.00000000
0.00000000 0.00000000
0.00000000 0.00000000
0.00000000 0.00000000
0.00000000 0.00000000
0.00000000 0.00000000
0.00000000 0.00000000
0.00000000 0.00000000
0.00000000 0.00000000
0.00000000 0.00000000
0.00000000 0.00000000
0.00000000 0.00000000
0.00000000 0.00000000
0.00000000 0.00000000
0.00000000 0.00000000
0.00000000 0.00000000
0.00000000 0.00000000
0.00000000 0.00000000
0.00000000 0.00000000
0.00000000 0.00000000
0.00000000 0.00000000
0.00000000 0.00000000
0.00000000 0.00000000
0.00000000 0.00000000
0.00000000 0.00000000
0.00000000 0.00000000
0.00000000 0.00000000
0.00000000 0.00000000
0.00000000 0.00000000
0.00000000 0.00000000
0.00000000 0.00000000
0.00000000 0.00000000
0.00000000 0.00000000
0.00000000 0.00000000
0.00000000 0.00000000
0.00000000 0.00000000
0.00000000 0.00000000
0.00000000 0.00000000
0.00000000 0.00000000
0.00000000 0.00000000
0.00000000 0.00000000
0.00000000 0.00000000
0.00000000 0.00000000
0.00000000 0.00000000
0.00000000 0.00000000
0.00000000 0.00000000
0.00000000 0.00000000
0.00000000 0.00000000
0.00000000 0.00000000
0.00000000 0.00000000
0.00000000 0.00000000
0.00000000 0.00000000
0.00000000 0.00000000
0.00000000 0.00000000
0.00000000 0.00000000
0.00000000 0.00000000
0.00000000 0.00000000
0.00000000 0.00000000
0.00000000 0.00000000
0.00000000 0.00000000
0.00000000 0.00000000
0.00000000 0.00000000
0.00000000 0.00000000
0.00000000 0.00000000
0.00000000 0.00000000
0.00000000 0.00000000
0.00000000 0.00000000
0.00000000 0.00000000
0.00000000 0.00000000
0.00000000 0.00000000
0.00000000 0.00000000
0.00000000 0.00000000
0.00000000 0.00000000
0.00000000 0.00000000
0.00000000 0.00000000
0.00000000 0.00000000
0.00000000 0.00000000
0.00000000 0.00000000
0.00000000 0.00000000
0.00000000 0.00000000
0.00000000 0.00000000
0.00000000 0.00000000
0.00000000 0.00000000
0.00000000 0.00000000
0.00000000 0.00000000
0.00000000 0.00000000
0.00000000 0.00000000
0.00000000 0.00000000
0.00000000 0.00000000
0.00000000 0.00000000
0.00000000 0.00000000
0.00000000 0.00000000
0.00000000 0.00000000
0.00000000 0.00000000
0.00000000 0.00000000
0.00000000 0.00000000
0.00000000 0.00000000
0.00000000 0.00000000
0.00000000 0.00000000
0.00000000 0.00000000
0.00000000 0.00000000
0.00000000 0.00000000
0.00000000 0.00000000
0.00000000 0.00000000
0.00000000 0.00000000
0.00000000 0.00000000
0.00000000 0.00000000
0.00000000 0.00000000
0.00000000 0.00000000
0.00000000 0.00000000
0.00000000 0.00000000
0.00000000 0.00000000
0.00000000 0.00000000
0.00000000 0.00000000
0.00000000 0.00000000
0.00000000 0.00000000
0.00000000 0.00000000
0.00000000 0.00000000
0.00000000 0.00000000
0.00000000 0.00000000
0.00000000 0.00000000
0.00000000 0.00000000
0.00000000 0.00000000
