0.00000000 0.00000000
0.00000000 0.00000000
0.00000000 0.00000000
0.00000000 0.00000000
0.00000000 0.00000000
0.00000000 0.00000000
0.00000000 0.00000000
0.00000000 0.00000000
0.00000000 0.00000000
0.00000000 0.00000000
0.00000000 0.00000000
0.00000000 0.00000000
0.00000000 0.00000000
0.00000000 0.00000000
0.00000000 0.00000000
0.00000000 0.00000000
0.00000000 0.00000000
0.00000000 0.00000000
0.00000000 0.00000000
0.00000000 0.00000000
0.00000000 0.00000000
0.00000000 0.00000000
0.00000000 0.00000000
0.00000000 0.00000000
0.00000000 0.00000000
0.00000000 0.00000000
0.00000000 0.00000000
0.00000000 0.00000000
0.00000000 0.00000000
0.00000000 0.00000000
0.00000000 0.00000000
0.00000000 0.00000000
0.00000000 0.00000000
0.91243482 0.90233099
0.00000000 0.91243482
0.90233099 0.82594281
0.82594281 0.39983839
0.39201468 0.36061540
0.39983839 0.39201468
0.36061540 0.30483231
0.30483231 0.45513991
0.41469434 0.51790136
0.45513991 0.41469434
0.51790136 0.36222529
0.36222529 0.32280695
0.30714270 0.34886134
0.32280695 0.30714270
0.34886134 0.89728242
0.00000000 0.00000000
0.89819515 0.88809133
0.00000000 0.89819515
0.88809133 0.42888010
0.42888010 0.36301339
0.34354335 0.55093747
0.36301339 0.34354335
0.55093747 0.42040974
0.42040974 0.42203644
0.30806217 0.31502032
0.42203644 0.30806217
0.31502032 0.30273744
0.30273744 0.21872430
0.28572601 0.43010941
0.21872430 0.28572601
0.43010941 0.49962360
0.00000000 0.00000000
0.00000000 0.00000000
0.00000000 0.00000000
0.00000000 0.00000000
0.00000000 0.00000000
0.00000000 0.00000000
0.00000000 0.00000000
0.00000000 0.00000000
0.00000000 0.00000000
0.00000000 0.00000000
0.00000000 0.00000000
0.00000000 0.00000000
0.00000000 0.00000000
0.00000000 0.00000000
0.00000000 0.00000000
0.00000000 0.00000000
0.00000000 0.00000000
0.00000000 0.00000000
0.00000000 0.00000000
0.00000000 0.00000000
0.00000000 0.00000000
0.00000000 0.00000000
0.00000000 0.00000000
0.00000000 0.00000000
0.00000000 0.00000000
0.00000000 0.00000000
0.00000000 0.00000000
0.00000000 0.00000000
0.00000000 0.00000000
0.00000000 0.00000000
0.00000000 0.00000000
0.00000000 0.00000000
0.91243482 0.90233099
0.82594281 0.39983839
0.90233099 0.82594281
0.39983839 0.39201468
0.39201468 0.36061540
0.30483231 0.45513991
0.36061540 0.30483231
0.45513991 0.41469434
0.41469434 0.51790136
0.36222529 0.32280695
0.51790136 0.36222529
0.32280695 0.30714270
0.30714270 0.34886134
0.89728242 0.92156863
0.34886134 0.89728242
0.92156863 0.00000000
0.89819515 0.88809133
0.42888010 0.36301339
0.88809133 0.42888010
0.36301339 0.34354335
0.34354335 0.55093747
0.42040974 0.42203644
0.55093747 0.42040974
0.42203644 0.30806217
0.30806217 0.31502032
0.30273744 0.21872430
0.31502032 0.30273744
0.21872430 0.28572601
0.28572601 0.43010941
0.49962360 0.91243482
0.43010941 0.49962360
0.91243482 0.00000000
0.00000000 0.00000000
0.00000000 0.00000000
0.00000000 0.00000000
0.00000000 0.00000000
0.00000000 0.00000000
0.00000000 0.00000000
0.00000000 0.00000000
0.00000000 0.00000000
0.00000000 0.00000000
0.00000000 0.00000000
0.00000000 0.00000000
0.00000000 0.00000000
0.00000000 0.00000000
0.00000000 0.00000000
0.00000000 0.00000000
0.00000000 0.00000000
0.00000000 0.00000000
0.00000000 0.00000000
0.00000000 0.00000000
0.91243482 0.90233099
0.00000000 0.00000000
0.00000000 0.00000000
0.82594281 0.39983839
0.39201468 0.36061540
0.00000000 0.00000000
0.00000000 0.00000000
0.30483231 0.45513991
0.41469434 0.51790136
0.00000000 0.00000000
0.00000000 0.00000000
0.36222529 0.32280695
0.30714270 0.34886134
0.82594281 0.39983839
0.39201468 0.36061540
0.00000000 0.00000000
0.89819515 0.88809133
0.30483231 0.45513991
0.41469434 0.51790136
0.42888010 0.36301339
0.34354335 0.55093747
0.36222529 0.32280695
0.30714270 0.34886134
0.42040974 0.42203644
0.30806217 0.31502032
0.89728242 0.92156863
0.00000000 0.00000000
0.30273744 0.21872430
0.28572601 0.43010941
0.42888010 0.36301339
0.34354335 0.55093747
0.00000000 0.00000000
0.87538749 0.85819417
0.42040974 0.42203644
0.30806217 0.31502032
0.41955766 0.27727923
0.30507818 0.34610972
0.30273744 0.21872430
0.28572601 0.43010941
0.26274320 0.34682035
0.41189897 0.35124582
0.49962360 0.91243482
0.00000000 0.00000000
0.46498099 0.37019384
0.33391443 0.32205927
0.00000000 0.00000000
0.00000000 0.00000000
0.00000000 0.00000000
0.00000000 0.00000000
0.00000000 0.00000000
0.00000000 0.00000000
0.00000000 0.00000000
0.00000000 0.00000000
0.00000000 0.00000000
0.00000000 0.00000000
0.00000000 0.00000000
0.00000000 0.00000000
0.00000000 0.00000000
0.00000000 0.00000000
0.00000000 0.00000000
0.00000000 0.00000000
0.00000000 0.91243482
0.90233099 0.82594281
0.91243482 0.90233099
0.82594281 0.39983839
0.39983839 0.39201468
0.36061540 0.30483231
0.39201468 0.36061540
0.30483231 0.45513991
0.45513991 0.41469434
0.51790136 0.36222529
0.41469434 0.51790136
0.36222529 0.32280695
0.32280695 0.30714270
0.34886134 0.89728242
0.30714270 0.34886134
0.89728242 0.92156863
0.00000000 0.89819515
0.88809133 0.42888010
0.89819515 0.88809133
0.42888010 0.36301339
0.36301339 0.34354335
0.55093747 0.42040974
0.34354335 0.55093747
0.42040974 0.42203644
0.42203644 0.30806217
0.31502032 0.30273744
0.30806217 0.31502032
0.30273744 0.21872430
0.21872430 0.28572601
0.43010941 0.49962360
0.28572601 0.43010941
0.49962360 0.91243482
0.00000000 0.87538749
0.85819417 0.41955766
0.87538749 0.85819417
0.41955766 0.27727923
0.27727923 0.30507818
0.34610972 0.26274320
0.30507818 0.34610972
0.26274320 0.34682035
0.34682035 0.41189897
0.35124582 0.46498099
0.41189897 0.35124582
0.46498099 0.37019384
0.37019384 0.33391443
0.32205927 0.40875334
0.33391443 0.32205927
0.40875334 0.86801511
0.00000000 0.00000000
0.00000000 0.00000000
0.00000000 0.00000000
0.00000000 0.00000000
0.00000000 0.00000000
0.00000000 0.00000000
0.00000000 0.00000000
0.00000000 0.00000000
0.00000000 0.00000000
0.00000000 0.00000000
0.00000000 0.00000000
0.00000000 0.00000000
0.00000000 0.00000000
0.00000000 0.00000000
0.00000000 0.00000000
0.00000000 0.00000000
0.90233099 0.82594281
0.39983839 0.39201468
0.82594281 0.39983839
0.39201468 0.36061540
0.36061540 0.30483231
0.45513991 0.41469434
0.30483231 0.45513991
0.41469434 0.51790136
0.51790136 0.36222529
0.32280695 0.30714270
0.36222529 0.32280695
0.30714270 0.34886134
0.34886134 0.89728242
0.92156863 0.00000000
0.89728242 0.92156863
0.00000000 0.00000000
0.88809133 0.42888010
0.36301339 0.34354335
0.42888010 0.36301339
0.34354335 0.55093747
0.55093747 0.42040974
0.42203644 0.30806217
0.42040974 0.42203644
0.30806217 0.31502032
0.31502032 0.30273744
0.21872430 0.28572601
0.30273744 0.21872430
0.28572601 0.43010941
0.43010941 0.49962360
0.91243482 0.00000000
0.49962360 0.91243482
0.00000000 0.00000000
0.85819417 0.41955766
0.27727923 0.30507818
0.41955766 0.27727923
0.30507818 0.34610972
0.34610972 0.26274320
0.34682035 0.41189897
0.26274320 0.34682035
0.41189897 0.35124582
0.35124582 0.46498099
0.37019384 0.33391443
0.46498099 0.37019384
0.33391443 0.32205927
0.32205927 0.40875334
0.86801511 0.00000000
0.40875334 0.86801511
0.00000000 0.00000000
0.00000000 0.00000000
0.91243482 0.90233099
0.00000000 0.91243482
0.90233099 0.82594281
0.82594281 0.39983839
0.39201468 0.36061540
0.39983839 0.39201468
0.36061540 0.30483231
0.30483231 0.45513991
0.41469434 0.51790136
0.45513991 0.41469434
0.51790136 0.36222529
0.36222529 0.32280695
0.30714270 0.34886134
0.32280695 0.30714270
0.34886134 0.89728242
0.00000000 0.00000000
0.89819515 0.88809133
0.00000000 0.89819515
0.88809133 0.42888010
0.42888010 0.36301339
0.34354335 0.55093747
0.36301339 0.34354335
0.55093747 0.42040974
0.42040974 0.42203644
0.30806217 0.31502032
0.42203644 0.30806217
0.31502032 0.30273744
0.30273744 0.21872430
0.28572601 0.43010941
0.21872430 0.28572601
0.43010941 0.49962360
0.00000000 0.00000000
0.87538749 0.85819417
0.00000000 0.87538749
0.85819417 0.41955766
0.41955766 0.27727923
0.30507818 0.34610972
0.27727923 0.30507818
0.34610972 0.26274320
0.26274320 0.34682035
0.41189897 0.35124582
0.34682035 0.41189897
0.35124582 0.46498099
0.46498099 0.37019384
0.33391443 0.32205927
0.37019384 0.33391443
0.32205927 0.40875334
0.00000000 0.00000000
0.89823222 0.43939480
0.00000000 0.89823222
0.43939480 0.31634054
0.31634054 0.25698069
0.32425520 0.75069642
0.25698069 0.32425520
0.75069642 0.76560962
0.76560962 0.78533900
0.77918917 0.71291828
0.78533900 0.77918917
0.71291828 0.28478298
0.28478298 0.45247248
0.40019202 0.48218441
0.45247248 0.40019202
0.48218441 0.35256270
0.91243482 0.90233099
0.82594281 0.39983839
0.90233099 0.82594281
0.39983839 0.39201468
0.39201468 0.36061540
0.30483231 0.45513991
0.36061540 0.30483231
0.45513991 0.41469434
0.41469434 0.51790136
0.36222529 0.32280695
0.51790136 0.36222529
0.32280695 0.30714270
0.30714270 0.34886134
0.89728242 0.92156863
0.34886134 0.89728242
0.92156863 0.00000000
0.89819515 0.88809133
0.42888010 0.36301339
0.88809133 0.42888010
0.36301339 0.34354335
0.34354335 0.55093747
0.42040974 0.42203644
0.55093747 0.42040974
0.42203644 0.30806217
0.30806217 0.31502032
0.30273744 0.21872430
0.31502032 0.30273744
0.21872430 0.28572601
0.28572601 0.43010941
0.49962360 0.91243482
0.43010941 0.49962360
0.91243482 0.00000000
0.87538749 0.85819417
0.41955766 0.27727923
0.85819417 0.41955766
0.27727923 0.30507818
0.30507818 0.34610972
0.26274320 0.34682035
0.34610972 0.26274320
0.34682035 0.41189897
0.41189897 0.35124582
0.46498099 0.37019384
0.35124582 0.46498099
0.37019384 0.33391443
0.33391443 0.32205927
0.40875334 0.86801511
0.32205927 0.40875334
0.86801511 0.00000000
0.89823222 0.43939480
0.31634054 0.25698069
0.43939480 0.31634054
0.25698069 0.32425520
0.32425520 0.75069642
0.76560962 0.78533900
0.75069642 0.76560962
0.78533900 0.77918917
0.77918917 0.71291828
0.28478298 0.45247248
0.71291828 0.28478298
0.45247248 0.40019202
0.40019202 0.48218441
0.35256270 0.50434542
0.48218441 0.35256270
0.50434542 0.00000000
0.82594281 0.39983839
0.39201468 0.36061540
0.00000000 0.00000000
0.89819515 0.88809133
0.30483231 0.45513991
0.41469434 0.51790136
0.42888010 0.36301339
0.34354335 0.55093747
0.36222529 0.32280695
0.30714270 0.34886134
0.42040974 0.42203644
0.30806217 0.31502032
0.89728242 0.92156863
0.00000000 0.00000000
0.30273744 0.21872430
0.28572601 0.43010941
0.42888010 0.36301339
0.34354335 0.55093747
0.00000000 0.00000000
0.87538749 0.85819417
0.42040974 0.42203644
0.30806217 0.31502032
0.41955766 0.27727923
0.30507818 0.34610972
0.30273744 0.21872430
0.28572601 0.43010941
0.26274320 0.34682035
0.41189897 0.35124582
0.49962360 0.91243482
0.00000000 0.00000000
0.46498099 0.37019384
0.33391443 0.32205927
0.41955766 0.27727923
0.30507818 0.34610972
0.00000000 0.00000000
0.89823222 0.43939480
0.26274320 0.34682035
0.41189897 0.35124582
0.31634054 0.25698069
0.32425520 0.75069642
0.46498099 0.37019384
0.33391443 0.32205927
0.76560962 0.78533900
0.77918917 0.71291828
0.40875334 0.86801511
0.00000000 0.00000000
0.28478298 0.45247248
0.40019202 0.48218441
0.31634054 0.25698069
0.32425520 0.75069642
0.00000000 0.00000000
0.91166687 0.32621196
0.76560962 0.78533900
0.77918917 0.71291828
0.25348139 0.68215221
0.71762669 0.72136509
0.28478298 0.45247248
0.40019202 0.48218441
0.73922527 0.75649941
0.76054090 0.73245233
0.35256270 0.50434542
0.00000000 0.00000000
0.72408974 0.69924450
0.30736837 0.27107885
0.00000000 0.89819515
0.88809133 0.42888010
0.89819515 0.88809133
0.42888010 0.36301339
0.36301339 0.34354335
0.55093747 0.42040974
0.34354335 0.55093747
0.42040974 0.42203644
0.42203644 0.30806217
0.31502032 0.30273744
0.30806217 0.31502032
0.30273744 0.21872430
0.21872430 0.28572601
0.43010941 0.49962360
0.28572601 0.43010941
0.49962360 0.91243482
0.00000000 0.87538749
0.85819417 0.41955766
0.87538749 0.85819417
0.41955766 0.27727923
0.27727923 0.30507818
0.34610972 0.26274320
0.30507818 0.34610972
0.26274320 0.34682035
0.34682035 0.41189897
0.35124582 0.46498099
0.41189897 0.35124582
0.46498099 0.37019384
0.37019384 0.33391443
0.32205927 0.40875334
0.33391443 0.32205927
0.40875334 0.86801511
0.00000000 0.89823222
0.43939480 0.31634054
0.89823222 0.43939480
0.31634054 0.25698069
0.25698069 0.32425520
0.75069642 0.76560962
0.32425520 0.75069642
0.76560962 0.78533900
0.78533900 0.77918917
0.71291828 0.28478298
0.77918917 0.71291828
0.28478298 0.45247248
0.45247248 0.40019202
0.48218441 0.35256270
0.40019202 0.48218441
0.35256270 0.50434542
0.00000000 0.91166687
0.32621196 0.25348139
0.91166687 0.32621196
0.25348139 0.68215221
0.68215221 0.71762669
0.72136509 0.73922527
0.71762669 0.72136509
0.73922527 0.75649941
0.75649941 0.76054090
0.73245233 0.72408974
0.76054090 0.73245233
0.72408974 0.69924450
0.69924450 0.30736837
0.27107885 0.47601435
0.30736837 0.27107885
0.47601435 0.50278944
0.88809133 0.42888010
0.36301339 0.34354335
0.42888010 0.36301339
0.34354335 0.55093747
0.55093747 0.42040974
0.42203644 0.30806217
0.42040974 0.42203644
0.30806217 0.31502032
0.31502032 0.30273744
0.21872430 0.28572601
0.30273744 0.21872430
0.28572601 0.43010941
0.43010941 0.49962360
0.91243482 0.00000000
0.49962360 0.91243482
0.00000000 0.00000000
0.85819417 0.41955766
0.27727923 0.30507818
0.41955766 0.27727923
0.30507818 0.34610972
0.34610972 0.26274320
0.34682035 0.41189897
0.26274320 0.34682035
0.41189897 0.35124582
0.35124582 0.46498099
0.37019384 0.33391443
0.46498099 0.37019384
0.33391443 0.32205927
0.32205927 0.40875334
0.86801511 0.00000000
0.40875334 0.86801511
0.00000000 0.00000000
0.43939480 0.31634054
0.25698069 0.32425520
0.31634054 0.25698069
0.32425520 0.75069642
0.75069642 0.76560962
0.78533900 0.77918917
0.76560962 0.78533900
0.77918917 0.71291828
0.71291828 0.28478298
0.45247248 0.40019202
0.28478298 0.45247248
0.40019202 0.48218441
0.48218441 0.35256270
0.50434542 0.00000000
0.35256270 0.50434542
0.00000000 0.00000000
0.32621196 0.25348139
0.68215221 0.71762669
0.25348139 0.68215221
0.71762669 0.72136509
0.72136509 0.73922527
0.75649941 0.76054090
0.73922527 0.75649941
0.76054090 0.73245233
0.73245233 0.72408974
0.69924450 0.30736837
0.72408974 0.69924450
0.30736837 0.27107885
0.27107885 0.47601435
0.50278944 0.00000000
0.47601435 0.50278944
0.00000000 0.00000000
0.00000000 0.00000000
0.87538749 0.85819417
0.00000000 0.87538749
0.85819417 0.41955766
0.41955766 0.27727923
0.30507818 0.34610972
0.27727923 0.30507818
0.34610972 0.26274320
0.26274320 0.34682035
0.41189897 0.35124582
0.34682035 0.41189897
0.35124582 0.46498099
0.46498099 0.37019384
0.33391443 0.32205927
0.37019384 0.33391443
0.32205927 0.40875334
0.00000000 0.00000000
0.89823222 0.43939480
0.00000000 0.89823222
0.43939480 0.31634054
0.31634054 0.25698069
0.32425520 0.75069642
0.25698069 0.32425520
0.75069642 0.76560962
0.76560962 0.78533900
0.77918917 0.71291828
0.78533900 0.77918917
0.71291828 0.28478298
0.28478298 0.45247248
0.40019202 0.48218441
0.45247248 0.40019202
0.48218441 0.35256270
0.00000000 0.00000000
0.91166687 0.32621196
0.00000000 0.91166687
0.32621196 0.25348139
0.25348139 0.68215221
0.71762669 0.72136509
0.68215221 0.71762669
0.72136509 0.73922527
0.73922527 0.75649941
0.76054090 0.73245233
0.75649941 0.76054090
0.73245233 0.72408974
0.72408974 0.69924450
0.30736837 0.27107885
0.69924450 0.30736837
0.27107885 0.47601435
0.00000000 0.00000000
0.90569890 0.35346866
0.00000000 0.90569890
0.35346866 0.28749752
0.28749752 0.69965202
0.68565148 0.67366505
0.69965202 0.68565148
0.67366505 0.68164700
0.68164700 0.74034005
0.74288285 0.67251319
0.74034005 0.74288285
0.67251319 0.69291615
0.69291615 0.63229328
0.65251440 0.39211571
0.63229328 0.65251440
0.39211571 0.29672232
0.87538749 0.85819417
0.41955766 0.27727923
0.85819417 0.41955766
0.27727923 0.30507818
0.30507818 0.34610972
0.26274320 0.34682035
0.34610972 0.26274320
0.34682035 0.41189897
0.41189897 0.35124582
0.46498099 0.37019384
0.35124582 0.46498099
0.37019384 0.33391443
0.33391443 0.32205927
0.40875334 0.86801511
0.32205927 0.40875334
0.86801511 0.00000000
0.89823222 0.43939480
0.31634054 0.25698069
0.43939480 0.31634054
0.25698069 0.32425520
0.32425520 0.75069642
0.76560962 0.78533900
0.75069642 0.76560962
0.78533900 0.77918917
0.77918917 0.71291828
0.28478298 0.45247248
0.71291828 0.28478298
0.45247248 0.40019202
0.40019202 0.48218441
0.35256270 0.50434542
0.48218441 0.35256270
0.50434542 0.00000000
0.91166687 0.32621196
0.25348139 0.68215221
0.32621196 0.25348139
0.68215221 0.71762669
0.71762669 0.72136509
0.73922527 0.75649941
0.72136509 0.73922527
0.75649941 0.76054090
0.76054090 0.73245233
0.72408974 0.69924450
0.73245233 0.72408974
0.69924450 0.30736837
0.30736837 0.27107885
0.47601435 0.50278944
0.27107885 0.47601435
0.50278944 0.00000000
0.90569890 0.35346866
0.28749752 0.69965202
0.35346866 0.28749752
0.69965202 0.68565148
0.68565148 0.67366505
0.68164700 0.74034005
0.67366505 0.68164700
0.74034005 0.74288285
0.74288285 0.67251319
0.69291615 0.63229328
0.67251319 0.69291615
0.63229328 0.65251440
0.65251440 0.39211571
0.29672232 0.49806425
0.39211571 0.29672232
0.49806425 0.00000000
0.41955766 0.27727923
0.30507818 0.34610972
0.00000000 0.00000000
0.00000000 0.00000000
0.26274320 0.34682035
0.41189897 0.35124582
0.00000000 0.00000000
0.00000000 0.00000000
0.46498099 0.37019384
0.33391443 0.32205927
0.00000000 0.00000000
0.00000000 0.00000000
0.40875334 0.86801511
0.00000000 0.00000000
0.00000000 0.00000000
0.00000000 0.00000000
0.31634054 0.25698069
0.32425520 0.75069642
0.00000000 0.00000000
0.00000000 0.00000000
0.76560962 0.78533900
0.77918917 0.71291828
0.00000000 0.00000000
0.00000000 0.00000000
0.28478298 0.45247248
0.40019202 0.48218441
0.00000000 0.00000000
0.00000000 0.00000000
0.35256270 0.50434542
0.00000000 0.00000000
0.00000000 0.00000000
0.00000000 0.00000000
0.25348139 0.68215221
0.71762669 0.72136509
0.00000000 0.00000000
0.00000000 0.00000000
0.73922527 0.75649941
0.76054090 0.73245233
0.00000000 0.00000000
0.00000000 0.00000000
0.72408974 0.69924450
0.30736837 0.27107885
0.00000000 0.00000000
0.00000000 0.00000000
0.47601435 0.50278944
0.00000000 0.00000000
0.00000000 0.00000000
0.00000000 0.00000000
0.28749752 0.69965202
0.68565148 0.67366505
0.00000000 0.00000000
0.00000000 0.00000000
0.68164700 0.74034005
0.74288285 0.67251319
0.00000000 0.00000000
0.00000000 0.00000000
0.69291615 0.63229328
0.65251440 0.39211571
0.00000000 0.00000000
0.00000000 0.00000000
0.29672232 0.49806425
0.00000000 0.00000000
0.00000000 0.00000000
0.00000000 0.00000000
0.00000000 0.00000000
0.00000000 0.00000000
0.00000000 0.00000000
0.00000000 0.00000000
0.00000000 0.00000000
0.00000000 0.00000000
0.00000000 0.00000000
0.00000000 0.00000000
0.00000000 0.00000000
0.00000000 0.00000000
0.00000000 0.00000000
0.00000000 0.00000000
0.00000000 0.00000000
0.00000000 0.00000000
0.00000000 0.00000000
0.00000000 0.00000000
0.00000000 0.00000000
0.00000000 0.00000000
0.00000000 0.00000000
0.00000000 0.00000000
0.00000000 0.00000000
0.00000000 0.00000000
0.00000000 0.00000000
0.00000000 0.00000000
0.00000000 0.00000000
0.00000000 0.00000000
0.00000000 0.00000000
0.00000000 0.00000000
0.00000000 0.00000000
0.00000000 0.00000000
0.00000000 0.00000000
0.00000000 0.00000000
0.00000000 0.00000000
0.00000000 0.00000000
0.00000000 0.00000000
0.00000000 0.00000000
0.00000000 0.00000000
0.00000000 0.00000000
0.00000000 0.00000000
0.00000000 0.00000000
0.00000000 0.00000000
0.00000000 0.00000000
0.00000000 0.00000000
0.00000000 0.00000000
0.00000000 0.00000000
0.00000000 0.00000000
0.00000000 0.00000000
0.00000000 0.00000000
0.00000000 0.00000000
0.00000000 0.00000000
0.00000000 0.00000000
0.00000000 0.00000000
0.00000000 0.00000000
0.00000000 0.00000000
0.00000000 0.00000000
0.00000000 0.00000000
0.00000000 0.00000000
0.00000000 0.00000000
0.00000000 0.00000000
0.00000000 0.00000000
0.00000000 0.00000000
0.00000000 0.00000000
0.00000000 0.00000000
0.00000000 0.00000000
0.00000000 0.00000000
0.00000000 0.00000000
0.00000000 0.00000000
0.00000000 0.00000000
0.00000000 0.00000000
0.00000000 0.00000000
0.00000000 0.00000000
0.00000000 0.00000000
0.00000000 0.00000000
0.00000000 0.00000000
0.00000000 0.00000000
0.00000000 0.00000000
0.00000000 0.00000000
0.00000000 0.00000000
0.00000000 0.00000000
0.00000000 0.00000000
0.00000000 0.00000000
0.00000000 0.00000000
0.00000000 0.00000000
0.00000000 0.00000000
0.00000000 0.00000000
0.00000000 0.00000000
0.00000000 0.00000000
0.00000000 0.00000000
0.00000000 0.00000000
0.00000000 0.00000000
0.00000000 0.00000000
0.00000000 0.00000000
0.00000000 0.00000000
0.00000000 0.00000000
0.00000000 0.00000000
0.00000000 0.00000000
0.00000000 0.00000000
0.00000000 0.00000000
0.00000000 0.00000000
0.00000000 0.00000000
0.00000000 0.00000000
0.00000000 0.00000000
0.00000000 0.00000000
0.00000000 0.00000000
0.00000000 0.00000000
0.00000000 0.00000000
0.00000000 0.00000000
0.00000000 0.00000000
0.00000000 0.00000000
0.00000000 0.00000000
0.00000000 0.00000000
0.00000000 0.00000000
0.00000000 0.00000000
0.00000000 0.00000000
0.00000000 0.00000000
0.00000000 0.00000000
0.00000000 0.00000000
0.00000000 0.00000000
0.00000000 0.00000000
0.00000000 0.00000000
0.00000000 0.00000000
0.00000000 0.00000000
0.00000000 0.00000000
0.00000000 0.00000000
0.00000000 0.00000000
0.00000000 0.00000000
0.00000000 0.00000000
0.00000000 0.00000000
0.00000000 0.00000000
0.00000000 0.00000000
0.00000000 0.00000000
0.00000000 0.00000000
0.00000000 0.00000000
0.00000000 0.00000000
0.00000000 0.00000000
0.00000000 0.00000000
0.00000000 0.00000000
0.00000000 0.00000000
0.00000000 0.00000000
0.00000000 0.00000000
0.00000000 0.00000000
0.00000000 0.00000000
0.00000000 0.00000000
0.00000000 0.00000000
0.00000000 0.00000000
0.00000000 0.00000000
0.00000000 0.00000000
0.00000000 0.00000000
0.00000000 0.00000000
0.00000000 0.00000000
0.00000000 0.00000000
0.00000000 0.00000000
0.00000000 0.00000000
0.00000000 0.00000000
0.00000000 0.00000000
0.00000000 0.00000000
0.00000000 0.00000000
0.00000000 0.00000000
0.00000000 0.00000000
0.00000000 0.00000000
0.00000000 0.00000000
0.00000000 0.00000000
0.00000000 0.00000000
0.00000000 0.00000000
0.00000000 0.00000000
0.00000000 0.00000000
0.00000000 0.00000000
0.00000000 0.00000000
0.00000000 0.00000000
0.00000000 0.00000000
0.00000000 0.00000000
0.00000000 0.00000000
0.00000000 0.00000000
0.00000000 0.00000000
0.00000000 0.00000000
0.00000000 0.00000000
0.00000000 0.00000000
0.00000000 0.00000000
0.00000000 0.00000000
0.00000000 0.00000000
0.00000000 0.00000000
0.00000000 0.00000000
0.00000000 0.00000000
0.00000000 0.00000000
0.00000000 0.00000000
0.00000000 0.00000000
0.00000000 0.00000000
0.00000000 0.00000000
0.00000000 0.00000000
0.00000000 0.00000000
0.00000000 0.00000000
0.00000000 0.00000000
0.00000000 0.00000000
0.00000000 0.00000000
0.00000000 0.00000000
0.00000000 0.00000000
0.00000000 0.00000000
0.00000000 0.00000000
0.00000000 0.00000000
0.00000000 0.00000000
0.00000000 0.00000000
0.00000000 0.00000000
0.00000000 0.00000000
0.00000000 0.00000000
0.00000000 0.00000000
0.00000000 0.00000000
0.00000000 0.00000000
0.00000000 0.00000000
0.00000000 0.00000000
0.00000000 0.00000000
0.00000000 0.00000000
0.00000000 0.00000000
0.00000000 0.00000000
0.00000000 0.00000000
0.00000000 0.00000000
0.00000000 0.00000000
0.00000000 0.00000000
0.00000000 0.00000000
0.00000000 0.00000000
0.00000000 0.00000000
0.00000000 0.00000000
0.00000000 0.00000000
0.00000000 0.00000000
0.00000000 0.00000000
0.00000000 0.00000000
0.91243482 0.90233099
0.00000000 0.91243482
0.90233099 0.82594281
0.82594281 0.39983839
0.39201468 0.36061540
0.39983839 0.39201468
0.36061540 0.30483231
0.30483231 0.45513991
0.41469434 0.51790136
0.45513991 0.41469434
0.51790136 0.36222529
0.36222529 0.32280695
0.30714270 0.34886134
0.32280695 0.30714270
0.34886134 0.89728242
0.00000000 0.00000000
0.89819515 0.88809133
0.00000000 0.89819515
0.88809133 0.42888010
0.42888010 0.36301339
0.34354335 0.55093747
0.36301339 0.34354335
0.55093747 0.42040974
0.42040974 0.42203644
0.30806217 0.31502032
0.42203644 0.30806217
0.31502032 0.30273744
0.30273744 0.21872430
0.28572601 0.43010941
0.21872430 0.28572601
0.43010941 0.49962360
0.00000000 0.00000000
0.00000000 0.00000000
0.00000000 0.00000000
0.00000000 0.00000000
0.00000000 0.00000000
0.00000000 0.00000000
0.00000000 0.00000000
0.00000000 0.00000000
0.00000000 0.00000000
0.00000000 0.00000000
0.00000000 0.00000000
0.00000000 0.00000000
0.00000000 0.00000000
0.00000000 0.00000000
0.00000000 0.00000000
0.00000000 0.00000000
0.00000000 0.00000000
0.00000000 0.00000000
0.00000000 0.00000000
0.00000000 0.00000000
0.00000000 0.00000000
0.00000000 0.00000000
0.00000000 0.00000000
0.00000000 0.00000000
0.00000000 0.00000000
0.00000000 0.00000000
0.00000000 0.00000000
0.00000000 0.00000000
0.00000000 0.00000000
0.00000000 0.00000000
0.00000000 0.00000000
0.00000000 0.00000000
0.91243482 0.90233099
0.82594281 0.39983839
0.90233099 0.82594281
0.39983839 0.39201468
0.39201468 0.36061540
0.30483231 0.45513991
0.36061540 0.30483231
0.45513991 0.41469434
0.41469434 0.51790136
0.36222529 0.32280695
0.51790136 0.36222529
0.32280695 0.30714270
0.30714270 0.34886134
0.89728242 0.92156863
0.34886134 0.89728242
0.92156863 0.00000000
0.89819515 0.88809133
0.42888010 0.36301339
0.88809133 0.42888010
0.36301339 0.34354335
0.34354335 0.55093747
0.42040974 0.42203644
0.55093747 0.42040974
0.42203644 0.30806217
0.30806217 0.31502032
0.30273744 0.21872430
0.31502032 0.30273744
0.21872430 0.28572601
0.28572601 0.43010941
0.49962360 0.91243482
0.43010941 0.49962360
0.91243482 0.00000000
0.00000000 0.00000000
0.00000000 0.00000000
0.00000000 0.00000000
0.00000000 0.00000000
0.00000000 0.00000000
0.00000000 0.00000000
0.00000000 0.00000000
0.00000000 0.00000000
0.00000000 0.00000000
0.00000000 0.00000000
0.00000000 0.00000000
0.00000000 0.00000000
0.00000000 0.00000000
0.00000000 0.00000000
0.00000000 0.00000000
0.00000000 0.00000000
0.00000000 0.00000000
0.00000000 0.00000000
0.00000000 0.00000000
0.91243482 0.90233099
0.00000000 0.00000000
0.00000000 0.00000000
0.82594281 0.39983839
0.39201468 0.36061540
0.00000000 0.00000000
0.00000000 0.00000000
0.30483231 0.45513991
0.41469434 0.51790136
0.00000000 0.00000000
0.00000000 0.00000000
0.36222529 0.32280695
0.30714270 0.34886134
0.82594281 0.39983839
0.39201468 0.36061540
0.00000000 0.00000000
0.89819515 0.88809133
0.30483231 0.45513991
0.41469434 0.51790136
0.42888010 0.36301339
0.34354335 0.55093747
0.36222529 0.32280695
0.30714270 0.34886134
0.42040974 0.42203644
0.30806217 0.31502032
0.89728242 0.92156863
0.00000000 0.00000000
0.30273744 0.21872430
0.28572601 0.43010941
0.42888010 0.36301339
0.34354335 0.55093747
0.00000000 0.00000000
0.87538749 0.85819417
0.42040974 0.42203644
0.30806217 0.31502032
0.41955766 0.27727923
0.30507818 0.34610972
0.30273744 0.21872430
0.28572601 0.43010941
0.26274320 0.34682035
0.41189897 0.35124582
0.49962360 0.91243482
0.00000000 0.00000000
0.46498099 0.37019384
0.33391443 0.32205927
0.00000000 0.00000000
0.00000000 0.00000000
0.00000000 0.00000000
0.00000000 0.00000000
0.00000000 0.00000000
0.00000000 0.00000000
0.00000000 0.00000000
0.00000000 0.00000000
0.00000000 0.00000000
0.00000000 0.00000000
0.00000000 0.00000000
0.00000000 0.00000000
0.00000000 0.00000000
0.00000000 0.00000000
0.00000000 0.00000000
0.00000000 0.00000000
0.00000000 0.91243482
0.90233099 0.82594281
0.91243482 0.90233099
0.82594281 0.39983839
0.39983839 0.39201468
0.36061540 0.30483231
0.39201468 0.36061540
0.30483231 0.45513991
0.45513991 0.41469434
0.51790136 0.36222529
0.41469434 0.51790136
0.36222529 0.32280695
0.32280695 0.30714270
0.34886134 0.89728242
0.30714270 0.34886134
0.89728242 0.92156863
0.00000000 0.89819515
0.88809133 0.42888010
0.89819515 0.88809133
0.42888010 0.36301339
0.36301339 0.34354335
0.55093747 0.42040974
0.34354335 0.55093747
0.42040974 0.42203644
0.42203644 0.30806217
0.31502032 0.30273744
0.30806217 0.31502032
0.30273744 0.21872430
0.21872430 0.28572601
0.43010941 0.49962360
0.28572601 0.43010941
0.49962360 0.91243482
0.00000000 0.87538749
0.85819417 0.41955766
0.87538749 0.85819417
0.41955766 0.27727923
0.27727923 0.30507818
0.34610972 0.26274320
0.30507818 0.34610972
0.26274320 0.34682035
0.34682035 0.41189897
0.35124582 0.46498099
0.41189897 0.35124582
0.46498099 0.37019384
0.37019384 0.33391443
0.32205927 0.40875334
0.33391443 0.32205927
0.40875334 0.86801511
0.00000000 0.00000000
0.00000000 0.00000000
0.00000000 0.00000000
0.00000000 0.00000000
0.00000000 0.00000000
0.00000000 0.00000000
0.00000000 0.00000000
0.00000000 0.00000000
0.00000000 0.00000000
0.00000000 0.00000000
0.00000000 0.00000000
0.00000000 0.00000000
0.00000000 0.00000000
0.00000000 0.00000000
0.00000000 0.00000000
0.00000000 0.00000000
0.90233099 0.82594281
0.39983839 0.39201468
0.82594281 0.39983839
0.39201468 0.36061540
0.36061540 0.30483231
0.45513991 0.41469434
0.30483231 0.45513991
0.41469434 0.51790136
0.51790136 0.36222529
0.32280695 0.30714270
0.36222529 0.32280695
0.30714270 0.34886134
0.34886134 0.89728242
0.92156863 0.00000000
0.89728242 0.92156863
0.00000000 0.00000000
0.88809133 0.42888010
0.36301339 0.34354335
0.42888010 0.36301339
0.34354335 0.55093747
0.55093747 0.42040974
0.42203644 0.30806217
0.42040974 0.42203644
0.30806217 0.31502032
0.31502032 0.30273744
0.21872430 0.28572601
0.30273744 0.21872430
0.28572601 0.43010941
0.43010941 0.49962360
0.91243482 0.00000000
0.49962360 0.91243482
0.00000000 0.00000000
0.85819417 0.41955766
0.27727923 0.30507818
0.41955766 0.27727923
0.30507818 0.34610972
0.34610972 0.26274320
0.34682035 0.41189897
0.26274320 0.34682035
0.41189897 0.35124582
0.35124582 0.46498099
0.37019384 0.33391443
0.46498099 0.37019384
0.33391443 0.32205927
0.32205927 0.40875334
0.86801511 0.00000000
0.40875334 0.86801511
0.00000000 0.00000000
0.00000000 0.00000000
0.91243482 0.90233099
0.00000000 0.91243482
0.90233099 0.82594281
0.82594281 0.39983839
0.39201468 0.36061540
0.39983839 0.39201468
0.36061540 0.30483231
0.30483231 0.45513991
0.41469434 0.51790136
0.45513991 0.41469434
0.51790136 0.36222529
0.36222529 0.32280695
0.30714270 0.34886134
0.32280695 0.30714270
0.34886134 0.89728242
0.00000000 0.00000000
0.89819515 0.88809133
0.00000000 0.89819515
0.88809133 0.42888010
0.42888010 0.36301339
0.34354335 0.55093747
0.36301339 0.34354335
0.55093747 0.42040974
0.42040974 0.42203644
0.30806217 0.31502032
0.42203644 0.30806217
0.31502032 0.30273744
0.30273744 0.21872430
0.28572601 0.43010941
0.21872430 0.28572601
0.43010941 0.49962360
0.00000000 0.00000000
0.87538749 0.85819417
0.00000000 0.87538749
0.85819417 0.41955766
0.41955766 0.27727923
0.30507818 0.34610972
0.27727923 0.30507818
0.34610972 0.26274320
0.26274320 0.34682035
0.41189897 0.35124582
0.34682035 0.41189897
0.35124582 0.46498099
0.46498099 0.37019384
0.33391443 0.32205927
0.37019384 0.33391443
0.32205927 0.40875334
0.00000000 0.00000000
0.89823222 0.43939480
0.00000000 0.89823222
0.43939480 0.31634054
0.31634054 0.25698069
0.32425520 0.75069642
0.25698069 0.32425520
0.75069642 0.76560962
0.76560962 0.78533900
0.77918917 0.71291828
0.78533900 0.77918917
0.71291828 0.28478298
0.28478298 0.45247248
0.40019202 0.48218441
0.45247248 0.40019202
0.48218441 0.35256270
0.91243482 0.90233099
0.82594281 0.39983839
0.90233099 0.82594281
0.39983839 0.39201468
0.39201468 0.36061540
0.30483231 0.45513991
0.36061540 0.30483231
0.45513991 0.41469434
0.41469434 0.51790136
0.36222529 0.32280695
0.51790136 0.36222529
0.32280695 0.30714270
0.30714270 0.34886134
0.89728242 0.92156863
0.34886134 0.89728242
0.92156863 0.00000000
0.89819515 0.88809133
0.42888010 0.36301339
0.88809133 0.42888010
0.36301339 0.34354335
0.34354335 0.55093747
0.42040974 0.42203644
0.55093747 0.42040974
0.42203644 0.30806217
0.30806217 0.31502032
0.30273744 0.21872430
0.31502032 0.30273744
0.21872430 0.28572601
0.28572601 0.43010941
0.49962360 0.91243482
0.43010941 0.49962360
0.91243482 0.00000000
0.87538749 0.85819417
0.41955766 0.27727923
0.85819417 0.41955766
0.27727923 0.30507818
0.30507818 0.34610972
0.26274320 0.34682035
0.34610972 0.26274320
0.34682035 0.41189897
0.41189897 0.35124582
0.46498099 0.37019384
0.35124582 0.46498099
0.37019384 0.33391443
0.33391443 0.32205927
0.40875334 0.86801511
0.32205927 0.40875334
0.86801511 0.00000000
0.89823222 0.43939480
0.31634054 0.25698069
0.43939480 0.31634054
0.25698069 0.32425520
0.32425520 0.75069642
0.76560962 0.78533900
0.75069642 0.76560962
0.78533900 0.77918917
0.77918917 0.71291828
0.28478298 0.45247248
0.71291828 0.28478298
0.45247248 0.40019202
0.40019202 0.48218441
0.35256270 0.50434542
0.48218441 0.35256270
0.50434542 0.00000000
0.82594281 0.39983839
0.39201468 0.36061540
0.00000000 0.00000000
0.89819515 0.88809133
0.30483231 0.45513991
0.41469434 0.51790136
0.42888010 0.36301339
0.34354335 0.55093747
0.36222529 0.32280695
0.30714270 0.34886134
0.42040974 0.42203644
0.30806217 0.31502032
0.89728242 0.92156863
0.00000000 0.00000000
0.30273744 0.21872430
0.28572601 0.43010941
0.42888010 0.36301339
0.34354335 0.55093747
0.00000000 0.00000000
0.87538749 0.85819417
0.42040974 0.42203644
0.30806217 0.31502032
0.41955766 0.27727923
0.30507818 0.34610972
0.30273744 0.21872430
0.28572601 0.43010941
0.26274320 0.34682035
0.41189897 0.35124582
0.49962360 0.91243482
0.00000000 0.00000000
0.46498099 0.37019384
0.33391443 0.32205927
0.41955766 0.27727923
0.30507818 0.34610972
0.00000000 0.00000000
0.89823222 0.43939480
0.26274320 0.34682035
0.41189897 0.35124582
0.31634054 0.25698069
0.32425520 0.75069642
0.46498099 0.37019384
0.33391443 0.32205927
0.76560962 0.78533900
0.77918917 0.71291828
0.40875334 0.86801511
0.00000000 0.00000000
0.28478298 0.45247248
0.40019202 0.48218441
0.31634054 0.25698069
0.32425520 0.75069642
0.00000000 0.00000000
0.91166687 0.32621196
0.76560962 0.78533900
0.77918917 0.71291828
0.25348139 0.68215221
0.71762669 0.72136509
0.28478298 0.45247248
0.40019202 0.48218441
0.73922527 0.75649941
0.76054090 0.73245233
0.35256270 0.50434542
0.00000000 0.00000000
0.72408974 0.69924450
0.30736837 0.27107885
0.00000000 0.89819515
0.88809133 0.42888010
0.89819515 0.88809133
0.42888010 0.36301339
0.36301339 0.34354335
0.55093747 0.42040974
0.34354335 0.55093747
0.42040974 0.42203644
0.42203644 0.30806217
0.31502032 0.30273744
0.30806217 0.31502032
0.30273744 0.21872430
0.21872430 0.28572601
0.43010941 0.49962360
0.28572601 0.43010941
0.49962360 0.91243482
0.00000000 0.87538749
0.85819417 0.41955766
0.87538749 0.85819417
0.41955766 0.27727923
0.27727923 0.30507818
0.34610972 0.26274320
0.30507818 0.34610972
0.26274320 0.34682035
0.34682035 0.41189897
0.35124582 0.46498099
0.41189897 0.35124582
0.46498099 0.37019384
0.37019384 0.33391443
0.32205927 0.40875334
0.33391443 0.32205927
0.40875334 0.86801511
0.00000000 0.89823222
0.43939480 0.31634054
0.89823222 0.43939480
0.31634054 0.25698069
0.25698069 0.32425520
0.75069642 0.76560962
0.32425520 0.75069642
0.76560962 0.78533900
0.78533900 0.77918917
0.71291828 0.28478298
0.77918917 0.71291828
0.28478298 0.45247248
0.45247248 0.40019202
0.48218441 0.35256270
0.40019202 0.48218441
0.35256270 0.50434542
0.00000000 0.91166687
0.32621196 0.25348139
0.91166687 0.32621196
0.25348139 0.68215221
0.68215221 0.71762669
0.72136509 0.73922527
0.71762669 0.72136509
0.73922527 0.75649941
0.75649941 0.76054090
0.73245233 0.72408974
0.76054090 0.73245233
0.72408974 0.69924450
0.69924450 0.30736837
0.27107885 0.47601435
0.30736837 0.27107885
0.47601435 0.50278944
0.88809133 0.42888010
0.36301339 0.34354335
0.42888010 0.36301339
0.34354335 0.55093747
0.55093747 0.42040974
0.42203644 0.30806217
0.42040974 0.42203644
0.30806217 0.31502032
0.31502032 0.30273744
0.21872430 0.28572601
0.30273744 0.21872430
0.28572601 0.43010941
0.43010941 0.49962360
0.91243482 0.00000000
0.49962360 0.91243482
0.00000000 0.00000000
0.85819417 0.41955766
0.27727923 0.30507818
0.41955766 0.27727923
0.30507818 0.34610972
0.34610972 0.26274320
0.34682035 0.41189897
0.26274320 0.34682035
0.41189897 0.35124582
0.35124582 0.46498099
0.37019384 0.33391443
0.46498099 0.37019384
0.33391443 0.32205927
0.32205927 0.40875334
0.86801511 0.00000000
0.40875334 0.86801511
0.00000000 0.00000000
0.43939480 0.31634054
0.25698069 0.32425520
0.31634054 0.25698069
0.32425520 0.75069642
0.75069642 0.76560962
0.78533900 0.77918917
0.76560962 0.78533900
0.77918917 0.71291828
0.71291828 0.28478298
0.45247248 0.40019202
0.28478298 0.45247248
0.40019202 0.48218441
0.48218441 0.35256270
0.50434542 0.00000000
0.35256270 0.50434542
0.00000000 0.00000000
0.32621196 0.25348139
0.68215221 0.71762669
0.25348139 0.68215221
0.71762669 0.72136509
0.72136509 0.73922527
0.75649941 0.76054090
0.73922527 0.75649941
0.76054090 0.73245233
0.73245233 0.72408974
0.69924450 0.30736837
0.72408974 0.69924450
0.30736837 0.27107885
0.27107885 0.47601435
0.50278944 0.00000000
0.47601435 0.50278944
0.00000000 0.00000000
0.00000000 0.00000000
0.87538749 0.85819417
0.00000000 0.87538749
0.85819417 0.41955766
0.41955766 0.27727923
0.30507818 0.34610972
0.27727923 0.30507818
0.34610972 0.26274320
0.26274320 0.34682035
0.41189897 0.35124582
0.34682035 0.41189897
0.35124582 0.46498099
0.46498099 0.37019384
0.33391443 0.32205927
0.37019384 0.33391443
0.32205927 0.40875334
0.00000000 0.00000000
0.89823222 0.43939480
0.00000000 0.89823222
0.43939480 0.31634054
0.31634054 0.25698069
0.32425520 0.75069642
0.25698069 0.32425520
0.75069642 0.76560962
0.76560962 0.78533900
0.77918917 0.71291828
0.78533900 0.77918917
0.71291828 0.28478298
0.28478298 0.45247248
0.40019202 0.48218441
0.45247248 0.40019202
0.48218441 0.35256270
0.00000000 0.00000000
0.91166687 0.32621196
0.00000000 0.91166687
0.32621196 0.25348139
0.25348139 0.68215221
0.71762669 0.72136509
0.68215221 0.71762669
0.72136509 0.73922527
0.73922527 0.75649941
0.76054090 0.73245233
0.75649941 0.76054090
0.73245233 0.72408974
0.72408974 0.69924450
0.30736837 0.27107885
0.69924450 0.30736837
0.27107885 0.47601435
0.00000000 0.00000000
0.90569890 0.35346866
0.00000000 0.90569890
0.35346866 0.28749752
0.28749752 0.69965202
0.68565148 0.67366505
0.69965202 0.68565148
0.67366505 0.68164700
0.68164700 0.74034005
0.74288285 0.67251319
0.74034005 0.74288285
0.67251319 0.69291615
0.69291615 0.63229328
0.65251440 0.39211571
0.63229328 0.65251440
0.39211571 0.29672232
0.87538749 0.85819417
0.41955766 0.27727923
0.85819417 0.41955766
0.27727923 0.30507818
0.30507818 0.34610972
0.26274320 0.34682035
0.34610972 0.26274320
0.34682035 0.41189897
0.41189897 0.35124582
0.46498099 0.37019384
0.35124582 0.46498099
0.37019384 0.33391443
0.33391443 0.32205927
0.40875334 0.86801511
0.32205927 0.40875334
0.86801511 0.00000000
0.89823222 0.43939480
0.31634054 0.25698069
0.43939480 0.31634054
0.25698069 0.32425520
0.32425520 0.75069642
0.76560962 0.78533900
0.75069642 0.76560962
0.78533900 0.77918917
0.77918917 0.71291828
0.28478298 0.45247248
0.71291828 0.28478298
0.45247248 0.40019202
0.40019202 0.48218441
0.35256270 0.50434542
0.48218441 0.35256270
0.50434542 0.00000000
0.91166687 0.32621196
0.25348139 0.68215221
0.32621196 0.25348139
0.68215221 0.71762669
0.71762669 0.72136509
0.73922527 0.75649941
0.72136509 0.73922527
0.75649941 0.76054090
0.76054090 0.73245233
0.72408974 0.69924450
0.73245233 0.72408974
0.69924450 0.30736837
0.30736837 0.27107885
0.47601435 0.50278944
0.27107885 0.47601435
0.50278944 0.00000000
0.90569890 0.35346866
0.28749752 0.69965202
0.35346866 0.28749752
0.69965202 0.68565148
0.68565148 0.67366505
0.68164700 0.74034005
0.67366505 0.68164700
0.74034005 0.74288285
0.74288285 0.67251319
0.69291615 0.63229328
0.67251319 0.69291615
0.63229328 0.65251440
0.65251440 0.39211571
0.29672232 0.49806425
0.39211571 0.29672232
0.49806425 0.00000000
0.41955766 0.27727923
0.30507818 0.34610972
0.00000000 0.00000000
0.00000000 0.00000000
0.26274320 0.34682035
0.41189897 0.35124582
0.00000000 0.00000000
0.00000000 0.00000000
0.46498099 0.37019384
0.33391443 0.32205927
0.00000000 0.00000000
0.00000000 0.00000000
0.40875334 0.86801511
0.00000000 0.00000000
0.00000000 0.00000000
0.00000000 0.00000000
0.31634054 0.25698069
0.32425520 0.75069642
0.00000000 0.00000000
0.00000000 0.00000000
0.76560962 0.78533900
0.77918917 0.71291828
0.00000000 0.00000000
0.00000000 0.00000000
0.28478298 0.45247248
0.40019202 0.48218441
0.00000000 0.00000000
0.00000000 0.00000000
0.35256270 0.50434542
0.00000000 0.00000000
0.00000000 0.00000000
0.00000000 0.00000000
0.25348139 0.68215221
0.71762669 0.72136509
0.00000000 0.00000000
0.00000000 0.00000000
0.73922527 0.75649941
0.76054090 0.73245233
0.00000000 0.00000000
0.00000000 0.00000000
0.72408974 0.69924450
0.30736837 0.27107885
0.00000000 0.00000000
0.00000000 0.00000000
0.47601435 0.50278944
0.00000000 0.00000000
0.00000000 0.00000000
0.00000000 0.00000000
0.28749752 0.69965202
0.68565148 0.67366505
0.00000000 0.00000000
0.00000000 0.00000000
0.68164700 0.74034005
0.74288285 0.67251319
0.00000000 0.00000000
0.00000000 0.00000000
0.69291615 0.63229328
0.65251440 0.39211571
0.00000000 0.00000000
0.00000000 0.00000000
0.29672232 0.49806425
0.00000000 0.00000000
0.00000000 0.00000000
0.00000000 0.00000000
0.00000000 0.00000000
0.00000000 0.00000000
0.00000000 0.00000000
0.00000000 0.00000000
0.00000000 0.00000000
0.00000000 0.00000000
0.00000000 0.00000000
0.00000000 0.00000000
0.00000000 0.00000000
0.00000000 0.00000000
0.00000000 0.00000000
0.00000000 0.00000000
0.00000000 0.00000000
0.00000000 0.00000000
0.00000000 0.00000000
0.00000000 0.00000000
0.00000000 0.00000000
0.00000000 0.00000000
0.00000000 0.00000000
0.00000000 0.00000000
0.00000000 0.00000000
0.00000000 0.00000000
0.00000000 0.00000000
0.00000000 0.00000000
0.00000000 0.00000000
0.00000000 0.00000000
0.00000000 0.00000000
0.00000000 0.00000000
0.00000000 0.00000000
0.00000000 0.00000000
0.00000000 0.00000000
0.00000000 0.00000000
0.00000000 0.00000000
0.00000000 0.00000000
0.00000000 0.00000000
0.00000000 0.00000000
0.00000000 0.00000000
0.00000000 0.00000000
0.00000000 0.00000000
0.00000000 0.00000000
0.00000000 0.00000000
0.00000000 0.00000000
0.00000000 0.00000000
0.00000000 0.00000000
0.00000000 0.00000000
0.00000000 0.00000000
0.00000000 0.00000000
0.00000000 0.00000000
0.00000000 0.00000000
0.00000000 0.00000000
0.00000000 0.00000000
0.00000000 0.00000000
0.00000000 0.00000000
0.00000000 0.00000000
0.00000000 0.00000000
0.00000000 0.00000000
0.00000000 0.00000000
0.00000000 0.00000000
0.00000000 0.00000000
0.00000000 0.00000000
0.00000000 0.00000000
0.00000000 0.00000000
0.00000000 0.00000000
0.00000000 0.00000000
0.00000000 0.00000000
0.00000000 0.00000000
0.00000000 0.00000000
0.00000000 0.00000000
0.00000000 0.00000000
0.00000000 0.00000000
0.00000000 0.00000000
0.00000000 0.00000000
0.00000000 0.00000000
0.00000000 0.00000000
0.00000000 0.00000000
0.00000000 0.00000000
0.00000000 0.00000000
0.00000000 0.00000000
0.00000000 0.00000000
0.00000000 0.00000000
0.00000000 0.00000000
0.00000000 0.00000000
0.00000000 0.00000000
0.00000000 0.00000000
0.00000000 0.00000000
0.00000000 0.00000000
0.00000000 0.00000000
0.00000000 0.00000000
0.00000000 0.00000000
0.00000000 0.00000000
0.00000000 0.00000000
0.00000000 0.00000000
0.00000000 0.00000000
0.00000000 0.00000000
0.00000000 0.00000000
0.00000000 0.00000000
0.00000000 0.00000000
0.00000000 0.00000000
0.00000000 0.00000000
0.00000000 0.00000000
0.00000000 0.00000000
0.00000000 0.00000000
0.00000000 0.00000000
0.00000000 0.00000000
0.00000000 0.00000000
0.00000000 0.00000000
0.00000000 0.00000000
0.00000000 0.00000000
0.00000000 0.00000000
0.00000000 0.00000000
0.00000000 0.00000000
0.00000000 0.00000000
0.00000000 0.00000000
0.00000000 0.00000000
0.00000000 0.00000000
0.00000000 0.00000000
0.00000000 0.00000000
0.00000000 0.00000000
0.00000000 0.00000000
0.00000000 0.00000000
0.00000000 0.00000000
0.00000000 0.00000000
0.00000000 0.00000000
0.00000000 0.00000000
0.00000000 0.00000000
0.00000000 0.00000000
0.00000000 0.00000000
0.00000000 0.00000000
0.00000000 0.00000000
0.00000000 0.00000000
0.00000000 0.00000000
0.00000000 0.00000000
0.00000000 0.00000000
0.00000000 0.00000000
0.00000000 0.00000000
0.00000000 0.00000000
0.00000000 0.00000000
0.00000000 0.00000000
0.00000000 0.00000000
0.00000000 0.00000000
0.00000000 0.00000000
0.00000000 0.00000000
0.00000000 0.00000000
0.00000000 0.00000000
0.00000000 0.00000000
0.00000000 0.00000000
0.00000000 0.00000000
0.00000000 0.00000000
0.00000000 0.00000000
0.00000000 0.00000000
0.00000000 0.00000000
0.00000000 0.00000000
0.00000000 0.00000000
0.00000000 0.00000000
0.00000000 0.00000000
0.00000000 0.00000000
0.00000000 0.00000000
0.00000000 0.00000000
0.00000000 0.00000000
0.00000000 0.00000000
0.00000000 0.00000000
0.00000000 0.00000000
0.00000000 0.00000000
0.00000000 0.00000000
0.00000000 0.00000000
0.00000000 0.00000000
0.00000000 0.00000000
0.00000000 0.00000000
0.00000000 0.00000000
0.00000000 0.00000000
0.00000000 0.00000000
0.00000000 0.00000000
0.00000000 0.00000000
0.00000000 0.00000000
0.00000000 0.00000000
0.00000000 0.00000000
0.00000000 0.00000000
0.00000000 0.00000000
0.00000000 0.00000000
0.00000000 0.00000000
0.00000000 0.00000000
0.00000000 0.00000000
0.00000000 0.00000000
0.00000000 0.00000000
0.00000000 0.00000000
0.00000000 0.00000000
0.00000000 0.00000000
0.00000000 0.00000000
0.00000000 0.00000000
0.00000000 0.00000000
0.00000000 0.00000000
0.00000000 0.00000000
